   0.0000000e+00
   1.7786032e+00
   3.5294519e+00
   5.2252247e+00
   6.8394596e+00
   8.3469671e+00
   9.7242229e+00
   1.0949735e+01
   1.2004381e+01
   1.2871702e+01
   1.3538165e+01
   1.3993369e+01
   1.4230211e+01
   1.4244996e+01
   1.4037492e+01
   1.3610938e+01
   1.2971990e+01
   1.2130618e+01
   1.1099952e+01
   9.8960744e+00
   8.5377723e+00
   7.0462411e+00
   5.4447557e+00
   3.7583068e+00
   2.0132107e+00
   2.3669907e-01
  -1.5426996e+00
  -3.2979012e+00
  -5.0016401e+00
  -6.6273302e+00
  -8.1496030e+00
  -9.5447039e+00
  -1.0790863e+01
  -1.1868634e+01
  -1.2761199e+01
  -1.3454630e+01
  -1.3938106e+01
  -1.4204083e+01
  -1.4248409e+01
  -1.4070394e+01
  -1.3672815e+01
  -1.3061876e+01
  -1.2247111e+01
  -1.1241234e+01
  -1.0059942e+01
  -8.7216670e+00
  -7.2472936e+00
  -5.6598286e+00
  -3.9840439e+00
  -2.2460895e+00
  -4.7308562e-01
   8.3651898e-01
   1.9627036e+00
   3.0582610e+00
   4.1060952e+00
   5.0898551e+00
   5.9941896e+00
   6.8049867e+00
   7.5095943e+00
   8.0970172e+00
   8.5580888e+00
   8.8856144e+00
   9.0744829e+00
   9.1217471e+00
   9.0266695e+00
   8.7907337e+00
   8.4176215e+00
   7.9131552e+00
   7.2852066e+00
   6.5435749e+00
   5.6998329e+00
   4.7671469e+00
   3.7600711e+00
   2.6943207e+00
   1.5865263e+00
   4.5397475e-01
  -8.8498920e-01
  -2.3421180e+00
  -3.7626989e+00
  -5.1245641e+00
  -6.4064621e+00
  -7.5883895e+00
  -8.6519026e+00
  -9.5804057e+00
  -1.0359410e+01
  -1.0976759e+01
  -1.1422819e+01
  -1.1690630e+01
  -1.1776013e+01
  -1.1677634e+01
  -1.1397031e+01
  -1.0938580e+01
  -1.0309437e+01
  -9.5194180e+00
  -8.5808519e+00
  -7.5083845e+00
  -6.3187513e+00
  -5.0305160e+00
  -3.6637813e+00
  -2.2398745e+00
  -7.8101514e-01
   7.3831587e-01
   2.3007764e+00
   3.8273340e+00
   5.2941674e+00
   6.6783871e+00
   7.9583928e+00
   9.1142104e+00
   1.0127804e+01
   1.0983356e+01
   1.1667517e+01
   1.2169610e+01
   1.2481801e+01
   1.2599217e+01
   1.2520026e+01
   1.2245465e+01
   1.1779817e+01
   1.1130350e+01
   1.0307196e+01
   9.3232029e+00
   8.1937239e+00
   6.9363846e+00
   5.5708054e+00
   4.1182956e+00
   2.6015211e+00
   1.0441508e+00
  -5.1939025e-01
  -2.0548650e+00
  -3.5582744e+00
  -5.0061580e+00
  -6.3759222e+00
  -7.6461923e+00
  -8.7971461e+00
  -9.8108233e+00
  -1.0671406e+01
  -1.1365465e+01
  -1.1882170e+01
  -1.2213457e+01
  -1.2354157e+01
  -1.2302075e+01
  -1.2058024e+01
  -1.1625810e+01
  -1.1012180e+01
  -1.0226709e+01
  -9.2816529e+00
  -8.1917600e+00
  -6.9740373e+00
  -5.6474872e+00
  -4.2328099e+00
  -2.7520810e+00
  -1.2284068e+00
   2.4269892e-01
   1.4297614e+00
   2.5945130e+00
   3.7187781e+00
   4.7850129e+00
   5.7765791e+00
   6.6780038e+00
   7.4752205e+00
   8.1557888e+00
   8.7090888e+00
   9.1264863e+00
   9.4014681e+00
   9.5297432e+00
   9.5093097e+00
   9.3404867e+00
   9.0259085e+00
   8.5704841e+00
   7.9813200e+00
   7.2676102e+00
   6.4404917e+00
   5.5128715e+00
   4.4992248e+00
   3.4153692e+00
   2.2782179e+00
   1.1055158e+00
  -8.8490764e-02
  -1.3341843e+00
  -2.5590584e+00
  -3.7439992e+00
  -4.8705161e+00
  -5.9210303e+00
  -6.8791488e+00
  -7.7299205e+00
  -8.4600693e+00
  -9.0582016e+00
  -9.5149837e+00
  -9.8232876e+00
  -9.9783025e+00
  -9.9776092e+00
  -9.8212187e+00
  -9.5115714e+00
  -9.0534991e+00
  -8.4541501e+00
  -7.7228769e+00
  -6.8710907e+00
  -5.9120835e+00
  -4.8608202e+00
  -3.7337054e+00
  -2.5483274e+00
  -1.3231836e+00
  -7.7391986e-02
   1.3107301e+00
   2.6877366e+00
   4.0228019e+00
   5.2950927e+00
   6.4847554e+00
   7.5732256e+00
   8.5435182e+00
   9.3804920e+00
   1.0071086e+01
   1.0604525e+01
   1.0972483e+01
   1.1169220e+01
   1.1191664e+01
   1.1039467e+01
   1.0715002e+01
   1.0223333e+01
   9.5721323e+00
   8.7715619e+00
   7.8341141e+00
   6.7744176e+00
   5.6090086e+00
   4.3560729e+00
   3.0351621e+00
   1.6668887e+00
   2.7260395e-01
  -8.6447211e-01
  -1.9247548e+00
  -2.9550023e+00
  -3.9391380e+00
  -4.8618047e+00
  -5.7086046e+00
  -6.4663237e+00
  -7.1231379e+00
  -7.6687980e+00
  -8.0947890e+00
  -8.3944635e+00
  -8.5631453e+00
  -8.5982020e+00
  -8.4990867e+00
  -8.2673459e+00
  -7.9065960e+00
  -7.4224663e+00
  -6.8225115e+00
  -6.1160937e+00
  -5.3142363e+00
  -4.4294520e+00
  -3.4755476e+00
  -2.4674085e+00
  -1.4207662e+00
  -3.5195339e-01
   9.3747653e-01
   2.3170934e+00
   3.6605528e+00
   4.9468905e+00
   6.1560336e+00
   7.2691139e+00
   8.2687620e+00
   9.1393790e+00
   9.8673789e+00
   1.0441402e+01
   1.0852490e+01
   1.1094229e+01
   1.1162846e+01
   1.1057270e+01
   1.0779150e+01
   1.0332824e+01
   9.7252586e+00
   8.9659335e+00
   8.0666979e+00
   7.0415843e+00
   5.9065890e+00
   4.6794234e+00
   3.3792370e+00
   2.0263187e+00
   6.4178042e-01
  -7.7114890e-01
  -2.1877114e+00
  -3.5701355e+00
  -4.8968488e+00
  -6.1471483e+00
  -7.3015237e+00
  -8.3419613e+00
  -9.2522253e+00
  -1.0018111e+01
  -1.0627668e+01
  -1.1071384e+01
  -1.1342334e+01
  -1.1436292e+01
  -1.1351789e+01
  -1.1090146e+01
  -1.0655445e+01
  -1.0054469e+01
  -9.2965960e+00
  -8.3936532e+00
  -7.3597302e+00
  -6.2109610e+00
  -4.9652720e+00
  -3.6421015e+00
  -2.2620972e+00
  -8.4679363e-01
   4.1459207e-01
   1.4262207e+00
   2.4155937e+00
   3.3672721e+00
   4.2664053e+00
   5.0989628e+00
   5.8519526e+00
   6.5136247e+00
   7.0736538e+00
   7.5233009e+00
   7.8555495e+00
   8.0652148e+00
   8.1490251e+00
   8.1056726e+00
   7.9358338e+00
   7.6421590e+00
   7.2292309e+00
   6.7034930e+00
   6.0731493e+00
   5.3480362e+00
   4.5394688e+00
   3.6600644e+00
   2.7235460e+00
   1.7445276e+00
   7.3828640e-01
  -3.2451383e-01
  -1.5012272e+00
  -2.6545144e+00
  -3.7663788e+00
  -4.8194701e+00
  -5.7973552e+00
  -6.6847745e+00
  -7.4678801e+00
  -8.1344519e+00
  -8.6740884e+00
  -9.0783686e+00
  -9.3409839e+00
  -9.4578363e+00
  -9.4271023e+00
  -9.2492615e+00
  -8.9270891e+00
  -8.4656125e+00
  -7.8720328e+00
  -7.1556126e+00
  -6.3275315e+00
  -5.4007114e+00
  -4.3896151e+00
  -3.3100202e+00
  -2.1787736e+00
  -1.0135279e+00
   2.1635692e-01
   1.7382328e+00
   3.2329841e+00
   4.6772857e+00
   6.0485999e+00
   7.3255277e+00
   8.4881431e+00
   9.5183039e+00
   1.0399935e+01
   1.1119278e+01
   1.1665109e+01
   1.2028909e+01
   1.2205003e+01
   1.2190641e+01
   1.1986049e+01
   1.1594418e+01
   1.1021861e+01
   1.0277310e+01
   9.3723862e+00
   8.3212091e+00
   7.1401824e+00
   5.8477354e+00
   4.4640366e+00
   3.0106779e+00
   1.5103386e+00
  -9.5552859e-03
  -1.0825364e+00
  -2.1386248e+00
  -3.1613407e+00
  -4.1347250e+00
  -5.0435883e+00
  -5.8737480e+00
  -6.6122499e+00
  -7.2475698e+00
  -7.7697939e+00
  -8.1707729e+00
  -8.4442497e+00
  -8.5859568e+00
  -8.5936830e+00
  -8.4673075e+00
  -8.2088026e+00
  -7.8222021e+00
  -7.3135387e+00
  -6.6907500e+00
  -5.9635544e+00
  -5.1432995e+00
  -4.2427852e+00
  -3.2760636e+00
  -2.2582201e+00
  -1.2051378e+00
  -1.3324981e-01
   1.4374955e+00
   3.0561763e+00
   4.6271664e+00
   6.1259512e+00
   7.5291425e+00
   8.8148442e+00
   9.9629931e+00
   1.0955673e+01
   1.1777393e+01
   1.2415331e+01
   1.2859532e+01
   1.3103064e+01
   1.3142127e+01
   1.2976111e+01
   1.2607608e+01
   1.2042367e+01
   1.1289210e+01
   1.0359887e+01
   9.2689027e+00
   8.0332798e+00
   6.6723002e+00
   5.2072017e+00
   3.6608465e+00
   2.0573650e+00
   4.2177905e-01
  -1.1765331e+00
  -2.7413288e+00
  -4.2633471e+00
  -5.7188372e+00
  -7.0850868e+00
  -8.3407760e+00
  -9.4663102e+00
  -1.0444126e+01
  -1.1258964e+01
  -1.1898110e+01
  -1.2351590e+01
  -1.2612328e+01
  -1.2676255e+01
  -1.2542372e+01
  -1.2212771e+01
  -1.1692593e+01
  -1.0989956e+01
  -1.0115824e+01
  -9.0838385e+00
  -7.9101026e+00
  -6.6129323e+00
  -5.2125693e+00
  -3.7308660e+00
  -2.1909437e+00
  -6.1683248e-01
   9.9776187e-01
   2.6164720e+00
   4.1943530e+00
   5.7067825e+00
   7.1301595e+00
   8.4422728e+00
   9.6226473e+00
   1.0652864e+01
   1.1516845e+01
   1.2201111e+01
   1.2694982e+01
   1.2990752e+01
   1.3083806e+01
   1.2972691e+01
   1.2659142e+01
   1.2148051e+01
   1.1447394e+01
   1.0568105e+01
   9.5239031e+00
   8.3310842e+00
   7.0082615e+00
   5.5760773e+00
   4.0568802e+00
   2.4743769e+00
   8.5326177e-01
  -8.9219644e-01
  -2.7450072e+00
  -4.5549829e+00
  -6.2938797e+00
  -7.9345627e+00
  -9.4514294e+00
  -1.0820810e+01
  -1.2021335e+01
  -1.3034271e+01
  -1.3843812e+01
  -1.4437325e+01
  -1.4805548e+01
  -1.4942736e+01
  -1.4846747e+01
  -1.4519079e+01
