   0.0000000e+00
   1.0551300e+00
   2.0937951e+00
   3.0997871e+00
   4.0574081e+00
   4.9517145e+00
   5.7687511e+00
   6.4957683e+00
   7.1214212e+00
   7.6359466e+00
   8.0313157e+00
   8.3013588e+00
   8.4418620e+00
   8.4506327e+00
   8.3275341e+00
   8.0744872e+00
   7.6954405e+00
   7.1963091e+00
   6.5848817e+00
   5.8706995e+00
   5.0649069e+00
   4.1800781e+00
   3.2300207e+00
   2.2295598e+00
   1.1943074e+00
   1.4041821e-01
  -1.0283116e+00
  -2.1982699e+00
  -3.3339249e+00
  -4.4175552e+00
  -5.4322509e+00
  -6.3621783e+00
  -7.1928259e+00
  -7.9112319e+00
  -8.5061858e+00
  -8.9684035e+00
  -9.2906723e+00
  -9.4679632e+00
  -9.4975098e+00
  -9.3788508e+00
  -9.1138381e+00
  -8.7066069e+00
  -8.1635121e+00
  -7.4930283e+00
  -6.7056184e+00
  -5.8135696e+00
  -4.8308019e+00
  -3.7726512e+00
  -2.6556295e+00
  -1.4971676e+00
  -3.1534295e-01
   9.4140430e-01
   2.2087935e+00
   3.4417152e+00
   4.6209300e+00
   5.7280368e+00
   6.7457595e+00
   7.6582169e+00
   8.4511704e+00
   9.1122462e+00
   9.6311284e+00
   9.9997201e+00
   1.0212269e+01
   1.0265460e+01
   1.0158461e+01
   9.8929430e+00
   9.4730488e+00
   8.9053309e+00
   8.1986483e+00
   7.3640285e+00
   6.4144955e+00
   5.3648664e+00
   4.2315204e+00
   3.0321429e+00
   1.7854499e+00
   5.1089550e-01
  -6.4514063e-01
  -1.7073604e+00
  -2.7429374e+00
  -3.7357117e+00
  -4.6701915e+00
  -5.5317945e+00
  -6.3070758e+00
  -6.9839372e+00
  -7.5518166e+00
  -8.0018525e+00
  -8.3270221e+00
  -8.5222513e+00
  -8.5844937e+00
  -8.5127778e+00
  -8.3082230e+00
  -7.9740211e+00
  -7.5153872e+00
  -6.9394783e+00
  -6.2552811e+00
  -5.4734724e+00
  -4.6062519e+00
  -3.6671524e+00
  -2.6708283e+00
  -1.6328267e+00
  -5.6934548e-01
   7.0649707e-01
   2.2016211e+00
   3.6623895e+00
   5.0660076e+00
   6.3905723e+00
   7.6154143e+00
   8.7214203e+00
   9.6913314e+00
   1.0510013e+01
   1.1164689e+01
   1.1645143e+01
   1.1943879e+01
   1.2056235e+01
   1.1980458e+01
   1.1717729e+01
   1.1272149e+01
   1.0650671e+01
   9.8629928e+00
   8.9214059e+00
   7.8406035e+00
   6.6374511e+00
   5.3307234e+00
   3.9408116e+00
   2.4894048e+00
   9.9915161e-01
  -3.6925308e-01
  -1.4608770e+00
  -2.5297043e+00
  -3.5590565e+00
  -4.5328708e+00
  -5.4359512e+00
  -6.2542054e+00
  -6.9748647e+00
  -7.5866837e+00
  -8.0801150e+00
  -8.4474588e+00
  -8.6829828e+00
  -8.7830118e+00
  -8.7459848e+00
  -8.5724797e+00
  -8.2652039e+00
  -7.8289523e+00
  -7.2705326e+00
  -6.5986586e+00
  -5.8238148e+00
  -4.9580922e+00
  -4.0150004e+00
  -3.0092557e+00
  -1.9565527e+00
  -8.7331827e-01
   3.0629674e-01
   1.8044220e+00
   3.2743898e+00
   4.6932618e+00
   6.0388971e+00
   7.2902974e+00
   8.4279351e+00
   9.4340576e+00
   1.0292965e+01
   1.0991254e+01
   1.1518028e+01
   1.1865067e+01
   1.2026956e+01
   1.2001168e+01
   1.1788106e+01
   1.1391094e+01
   1.0816329e+01
   1.0072778e+01
   9.1720443e+00
   8.1281844e+00
   6.9574868e+00
   5.6782200e+00
   4.3103465e+00
   2.8752114e+00
   1.3952097e+00
  -1.2148454e-01
  -1.8316348e+00
  -3.5132030e+00
  -5.1399489e+00
  -6.6864876e+00
  -8.1286858e+00
  -9.4440387e+00
  -1.0612020e+01
  -1.1614405e+01
  -1.2435551e+01
  -1.3062644e+01
  -1.3485899e+01
  -1.3698711e+01
  -1.3697760e+01
  -1.3483059e+01
  -1.3057960e+01
  -1.2429095e+01
  -1.1606279e+01
  -1.0602351e+01
  -9.4329761e+00
  -8.1164032e+00
  -6.6731765e+00
  -5.1258171e+00
  -3.4984710e+00
  -1.8165325e+00
  -1.0624758e-01
   1.5387645e+00
   3.1553359e+00
   4.7226694e+00
   6.2163072e+00
   7.6129416e+00
   8.8907785e+00
   1.0029878e+01
   1.1012464e+01
   1.1823205e+01
   1.2449448e+01
   1.2881422e+01
   1.3112386e+01
   1.3138736e+01
   1.2960059e+01
   1.2579146e+01
   1.2001939e+01
   1.1237445e+01
   1.0297596e+01
   9.1970552e+00
   7.9529978e+00
   6.5848366e+00
   5.1139213e+00
   3.5632049e+00
   1.9568858e+00
   3.2003026e-01
  -1.4706579e+00
  -3.2744328e+00
  -5.0271113e+00
  -6.7013434e+00
  -8.2710033e+00
  -9.7115969e+00
  -1.1000644e+01
  -1.2118030e+01
  -1.3046319e+01
  -1.3771023e+01
  -1.4280836e+01
  -1.4567801e+01
  -1.4627440e+01
  -1.4458823e+01
  -1.4064581e+01
  -1.3450866e+01
  -1.2627254e+01
  -1.1606599e+01
  -1.0404826e+01
  -9.0406894e+00
  -7.5354759e+00
  -5.9126739e+00
  -4.1976066e+00
  -2.4170370e+00
  -5.9875043e-01
   1.0739980e+00
   2.6545238e+00
   4.1936265e+00
   5.6672892e+00
   7.0525157e+00
   8.3276900e+00
   9.4729135e+00
   1.0470315e+01
   1.1304332e+01
   1.1961947e+01
   1.2432901e+01
   1.2709843e+01
   1.2788453e+01
   1.2667503e+01
   1.2348881e+01
   1.1837558e+01
   1.1141515e+01
   1.0271612e+01
   9.2414235e+00
   8.0670261e+00
   6.7667454e+00
   5.3608719e+00
   3.8713437e+00
   2.3214046e+00
   7.3524070e-01
  -6.1688639e-01
  -1.7500763e+00
  -2.8559569e+00
  -3.9172712e+00
  -4.9174578e+00
  -5.8409091e+00
  -6.6732150e+00
  -7.4013876e+00
  -8.0140641e+00
  -8.5016837e+00
  -8.8566374e+00
  -9.0733862e+00
  -9.1485479e+00
  -9.0809496e+00
  -8.8716460e+00
  -8.5239034e+00
  -8.0431482e+00
  -7.4368823e+00
  -6.7145663e+00
  -5.8874718e+00
  -4.9685053e+00
  -3.9720069e+00
  -2.9135266e+00
  -1.8095817e+00
  -6.7739897e-01
   6.5071511e-01
   2.2384976e+00
   3.7913492e+00
   5.2850380e+00
   6.6962555e+00
   8.0029802e+00
   9.1848211e+00
   1.0223336e+01
   1.1102319e+01
   1.1808054e+01
   1.2329528e+01
   1.2658605e+01
   1.2790148e+01
   1.2722105e+01
   1.2455537e+01
   1.1994606e+01
   1.1346502e+01
   1.0521340e+01
   9.5319962e+00
   8.3939087e+00
   7.1248370e+00
   5.7445846e+00
   4.2746900e+00
   2.7380902e+00
   1.1587634e+00
  -4.0975926e-01
  -1.8955794e+00
  -3.3518197e+00
  -4.7557560e+00
  -6.0854803e+00
  -7.3202427e+00
  -8.4407751e+00
  -9.4295921e+00
  -1.0271263e+01
  -1.0952655e+01
  -1.1463134e+01
  -1.1794735e+01
  -1.1942283e+01
  -1.1903476e+01
  -1.1678919e+01
  -1.1272116e+01
  -1.0689415e+01
  -9.9399103e+00
  -9.0352962e+00
  -7.9896893e+00
  -6.8194060e+00
  -5.5427081e+00
  -4.1795182e+00
  -2.7511082e+00
  -1.2797681e+00
   2.0741843e-01
   1.6664200e+00
   3.0994177e+00
   4.4840500e+00
   5.7987102e+00
   7.0228835e+00
   8.1374670e+00
   9.1250681e+00
   9.9702755e+00
   1.0659900e+01
   1.1183181e+01
   1.1531951e+01
   1.1700770e+01
   1.1687001e+01
   1.1490862e+01
   1.1115411e+01
   1.0566507e+01
   9.8527172e+00
   8.9851788e+00
   7.9774297e+00
   6.8451954e+00
   5.6061442e+00
   4.2796109e+00
   2.8862958e+00
   1.4479410e+00
  -1.2528535e-02
  -1.4193813e+00
  -2.8040852e+00
  -4.1450322e+00
  -5.4212973e+00
  -6.6129650e+00
  -7.7014395e+00
  -8.6697357e+00
  -9.5027435e+00
  -1.0187464e+01
  -1.0713213e+01
  -1.1071786e+01
  -1.1257587e+01
  -1.1267717e+01
  -1.1102018e+01
  -1.0763076e+01
  -1.0256180e+01
  -9.5892394e+00
  -8.7726621e+00
  -7.8191903e+00
  -6.7437027e+00
  -5.5629818e+00
  -4.2954525e+00
  -2.9608940e+00
  -1.5801318e+00
  -1.7471219e-01
   1.5570465e+00
   3.3103468e+00
   5.0119903e+00
   6.6354233e+00
   8.1553128e+00
   9.5479413e+00
   1.0791577e+01
   1.1866815e+01
   1.2756874e+01
   1.3447867e+01
   1.3929010e+01
   1.4192796e+01
   1.4235108e+01
   1.4055285e+01
   1.3656135e+01
   1.3043885e+01
   1.2228090e+01
   1.1221480e+01
   1.0039762e+01
   8.7013772e+00
   7.2272101e+00
   5.6402649e+00
   3.9653052e+00
   2.2284683e+00
   4.5685682e-01
  -1.0687246e+00
  -2.4901345e+00
  -3.8726867e+00
  -5.1948070e+00
  -6.4358639e+00
  -7.5764914e+00
  -8.5988903e+00
  -9.4871064e+00
  -1.0227279e+01
  -1.0807859e+01
  -1.1219786e+01
  -1.1456631e+01
  -1.1514700e+01
  -1.1393086e+01
  -1.1093686e+01
  -1.0621173e+01
  -9.9829206e+00
  -9.1888877e+00
  -8.2514654e+00
  -7.1852816e+00
  -6.0069740e+00
  -4.7349295e+00
  -3.3889981e+00
  -1.9901825e+00
  -5.6031069e-01
   1.0027622e+00
   2.6295844e+00
   4.2153730e+00
   5.7353820e+00
   7.1658923e+00
   8.4845812e+00
   9.6708712e+00
   1.0706250e+01
   1.1574562e+01
   1.2262257e+01
   1.2758603e+01
   1.3055855e+01
   1.3149375e+01
   1.3037704e+01
   1.2722584e+01
   1.2208931e+01
   1.1504763e+01
   1.0621067e+01
   9.5716321e+00
   8.3728354e+00
   7.0433834e+00
   5.6040218e+00
   4.0772113e+00
   2.4867772e+00
   8.5753789e-01
  -4.7224144e-01
  -1.4529380e+00
  -2.4109620e+00
  -3.3313637e+00
  -4.1997806e+00
  -5.0026614e+00
  -5.7274772e+00
  -6.3629177e+00
  -6.8990670e+00
  -7.3275587e+00
  -7.6417063e+00
  -7.8366076e+00
  -7.9092212e+00
  -7.8584141e+00
  -7.6849791e+00
