   6.0000000e+00
   6.3954846e+00
   6.7847977e+00
   7.1618644e+00
   7.5208006e+00
   7.8560051e+00
   8.1622474e+00
   8.4347485e+00
   8.6692561e+00
   8.8621109e+00
   9.0103034e+00
   9.1115212e+00
   9.1641847e+00
   9.1674721e+00
   9.1213322e+00
   9.0264850e+00
   8.8844105e+00
   8.6973257e+00
   8.4681500e+00
   8.2004597e+00
   7.8984320e+00
   7.5667798e+00
   7.2106786e+00
   6.8356852e+00
   6.4476511e+00
   6.0526317e+00
   5.4883212e+00
   4.9061603e+00
   4.3410683e+00
   3.8018635e+00
   3.2969598e+00
   2.8342362e+00
   2.4209132e+00
   2.0634407e+00
   1.7673969e+00
   1.5374014e+00
   1.3770433e+00
   1.2888249e+00
   1.2741229e+00
   1.3331665e+00
   1.4650345e+00
   1.6676691e+00
   1.9379084e+00
   2.2715351e+00
   2.6633434e+00
   3.1072190e+00
   3.5962356e+00
   4.1227620e+00
   4.6785822e+00
   5.2550226e+00
   5.8430881e+00
   6.4048970e+00
   6.9499997e+00
   7.4802779e+00
   7.9874569e+00
   8.4636224e+00
   8.9013438e+00
   9.2937907e+00
   9.6348391e+00
   9.9191671e+00
   1.0142338e+01
   1.0300869e+01
   1.0392286e+01
   1.0415163e+01
   1.0369143e+01
   1.0254944e+01
   1.0074348e+01
   9.8301731e+00
   9.5262296e+00
   9.1672606e+00
   8.7588675e+00
   8.3074232e+00
   7.8199723e+00
   7.3041214e+00
   6.7679200e+00
   6.2197356e+00
   5.7001873e+00
   5.2065478e+00
   4.7252898e+00
   4.2639233e+00
   3.8296476e+00
   3.4292396e+00
   3.0689474e+00
   2.7543934e+00
   2.4904859e+00
   2.2813432e+00
   2.1302289e+00
   2.0395011e+00
   2.0105756e+00
   2.0439037e+00
   2.1389653e+00
   2.2942771e+00
   2.5074155e+00
   2.7750545e+00
   3.0930177e+00
   3.4563433e+00
   3.8593619e+00
   4.2957845e+00
   4.7588007e+00
   5.2411854e+00
   5.7354112e+00
   6.1926978e+00
   6.6004944e+00
   6.9989205e+00
   7.3817588e+00
   7.7430351e+00
   8.0771120e+00
   8.3787763e+00
   8.6433206e+00
   8.8666167e+00
   9.0451802e+00
   9.1762247e+00
   9.2577053e+00
   9.2883505e+00
   9.2676821e+00
   9.1960226e+00
   9.0744902e+00
   8.9049814e+00
   8.6901414e+00
   8.4333226e+00
   8.1385326e+00
   7.8103716e+00
   7.4539603e+00
   7.0748604e+00
   6.6789877e+00
   6.2725196e+00
   5.8068292e+00
   5.2357580e+00
   4.6766126e+00
   4.1381181e+00
   3.6286777e+00
   3.1562410e+00
   2.7281802e+00
   2.3511750e+00
   2.0311086e+00
   1.7729753e+00
   1.5808034e+00
   1.4575915e+00
   1.4052625e+00
   1.4246327e+00
   1.5154000e+00
   1.6761481e+00
   1.9043684e+00
   2.1964996e+00
   2.5479832e+00
   2.9533344e+00
   3.4062277e+00
   3.8995960e+00
   4.4257404e+00
   4.9764506e+00
   5.5431330e+00
   6.0845190e+00
   6.4979094e+00
   6.9035301e+00
   7.2950514e+00
   7.6663639e+00
   8.0116734e+00
   8.3255914e+00
   8.6032193e+00
   8.8402248e+00
   9.0329096e+00
   9.1782668e+00
   9.2740283e+00
   9.3186996e+00
   9.3115838e+00
   9.2527917e+00
   9.1432410e+00
   8.9846410e+00
   8.7794667e+00
   8.5309198e+00
   8.2428786e+00
   7.9198382e+00
   7.5668393e+00
   7.1893904e+00
   6.7933814e+00
   6.3849920e+00
   5.9568019e+00
   5.3486976e+00
   4.7507566e+00
   4.1723097e+00
   3.6223833e+00
   3.1095588e+00
   2.6418386e+00
   2.2265215e+00
   1.8700882e+00
   1.5781008e+00
   1.3551157e+00
   1.2046124e+00
   1.1289395e+00
   1.1292779e+00
   1.2056224e+00
   1.3567814e+00
   1.5803964e+00
   1.8729777e+00
   2.2299599e+00
   2.6457723e+00
   3.1139263e+00
   3.6271165e+00
   4.1773348e+00
   4.7559951e+00
   5.3540677e+00
   5.9622199e+00
   6.4671464e+00
   6.9579139e+00
   7.4337335e+00
   7.8871801e+00
   8.3111779e+00
   8.6991105e+00
   9.0449245e+00
   9.3432234e+00
   9.5893524e+00
   9.7794708e+00
   9.9106118e+00
   9.9807290e+00
   9.9887282e+00
   9.9344847e+00
   9.8188449e+00
   9.6436133e+00
   9.4115243e+00
   9.1261996e+00
   8.7920916e+00
   8.4144140e+00
   7.9990602e+00
   7.5525118e+00
   7.0817370e+00
   6.5940820e+00
   6.0971565e+00
   5.4419387e+00
   4.7574717e+00
   4.0923938e+00
   3.4570835e+00
   2.8614546e+00
   2.3148017e+00
   1.8256550e+00
   1.4016476e+00
   1.0493959e+00
   7.7439674e-01
   5.8094138e-01
   4.7204862e-01
   4.4941770e-01
   5.1340175e-01
   6.6300234e-01
   8.9588498e-01
   1.2084156e+00
   1.5957174e+00
   2.0517465e+00
   2.5693867e+00
   3.1405605e+00
   3.7563550e+00
   4.4071607e+00
   5.0828222e+00
   5.7727960e+00
   6.3099374e+00
   6.7660501e+00
   7.2102088e+00
   7.6354825e+00
   8.0352352e+00
   8.4032286e+00
   8.7337205e+00
   9.0215536e+00
   9.2622364e+00
   9.4520130e+00
   9.5879221e+00
   9.6678430e+00
   9.6905283e+00
   9.6556242e+00
   9.5636753e+00
   9.4161164e+00
   9.2152502e+00
   8.9642111e+00
   8.6669165e+00
   8.3280055e+00
   7.9527668e+00
   7.5470557e+00
   7.1172035e+00
   6.6699176e+00
   6.2121779e+00
   5.6451838e+00
   4.9934038e+00
   4.3573314e+00
   3.7468923e+00
   3.1716122e+00
   2.6404682e+00
   2.1617485e+00
   1.7429234e+00
   1.3905286e+00
   1.1100631e+00
   9.0590341e-01
   7.8123538e-01
   7.3800443e-01
   7.7688516e-01
   8.9727085e-01
   1.0972829e+00
   1.3738002e+00
   1.7225079e+00
   2.1379643e+00
   2.6136866e+00
   3.1422511e+00
   3.7154099e+00
   4.3242189e+00
   4.9591779e+00
   5.6103786e+00
   6.1943260e+00
   6.6684926e+00
   7.1322276e+00
   7.5782946e+00
   7.9997329e+00
   8.3899660e+00
   8.7429044e+00
   9.0530408e+00
   9.3155354e+00
   9.5262923e+00
   9.6820225e+00
   9.7802960e+00
   9.8195793e+00
   9.7992593e+00
   9.7196531e+00
   9.5820030e+00
   9.3884569e+00
   9.1420351e+00
   8.8465829e+00
   8.5067107e+00
   8.1277221e+00
   7.7155311e+00
   7.2765699e+00
   6.8176882e+00
   6.3460467e+00
   5.8457673e+00
   5.2865071e+00
   4.7383806e+00
   4.2099414e+00
   3.7094353e+00
   3.2446728e+00
   2.8229063e+00
   2.4507172e+00
   2.1339135e+00
   1.8774388e+00
   1.6852953e+00
   1.5604813e+00
   1.5049445e+00
   1.5195515e+00
   1.6040745e+00
   1.7571944e+00
   1.9765218e+00
   2.2586343e+00
   2.5991295e+00
   2.9926942e+00
   3.4331869e+00
   3.9137339e+00
   4.4268363e+00
   4.9644874e+00
   5.5182974e+00
   6.1059003e+00
   6.8508135e+00
   7.5824500e+00
   8.2893929e+00
   8.9606106e+00
   9.5856290e+00
   1.0154695e+01
   1.0658928e+01
   1.1090460e+01
   1.1442558e+01
   1.1709725e+01
   1.1887795e+01
   1.1973988e+01
   1.1966958e+01
   1.1866816e+01
   1.1675125e+01
   1.1394875e+01
   1.1030439e+01
   1.0587506e+01
   1.0072986e+01
   9.4949079e+00
   8.8622934e+00
   8.1850138e+00
   7.4736377e+00
   6.7392660e+00
   5.9964191e+00
   5.5943105e+00
   5.1985326e+00
   4.8152613e+00
   4.4504775e+00
   4.1098734e+00
   3.7987642e+00
   3.5220044e+00
   3.2839130e+00
   3.0882052e+00
   2.9379350e+00
   2.8354473e+00
   2.7823414e+00
   2.7794460e+00
   2.8268062e+00
   2.9236831e+00
   3.0685648e+00
   3.2591906e+00
   3.4925859e+00
   3.7651085e+00
   4.0725058e+00
   4.4099810e+00
   4.7722680e+00
   5.1537133e+00
   5.5483646e+00
   5.9500635e+00
   6.6254481e+00
   7.3297291e+00
   8.0132601e+00
   8.6653748e+00
   9.2758973e+00
   9.8353005e+00
   1.0334855e+01
   1.0766766e+01
   1.1124293e+01
   1.1401857e+01
   1.1595126e+01
   1.1701086e+01
   1.1718082e+01
   1.1645850e+01
   1.1485516e+01
   1.1239582e+01
   1.0911886e+01
   1.0507542e+01
   1.0032859e+01
   9.4952452e+00
   8.9030889e+00
   8.2656309e+00
   7.5928185e+00
   6.8951506e+00
   6.1835142e+00
   5.6374099e+00
   5.1551629e+00
   4.6860994e+00
   4.2375388e+00
   3.8164808e+00
   3.4294960e+00
   3.0826230e+00
   2.7812746e+00
   2.5301534e+00
   2.3331781e+00
   2.1934222e+00
   2.1130667e+00
   2.0933655e+00
   2.1346260e+00
   2.2362044e+00
   2.3965156e+00
   2.6130579e+00
   2.8824524e+00
   3.2004951e+00
   3.5622232e+00
   3.9619919e+00
   4.3935631e+00
   4.8502022e+00
   5.3247835e+00
   5.8099013e+00
   6.4195989e+00
   7.1003314e+00
   7.7638936e+00
   8.3999308e+00
   8.9985179e+00
   9.5503141e+00
   1.0046709e+01
   1.0479956e+01
   1.0843295e+01
   1.1131056e+01
   1.1338749e+01
   1.1463132e+01
   1.1502265e+01
   1.1455537e+01
   1.1323677e+01
   1.1108743e+01
   1.0814088e+01
   1.0444312e+01
   1.0005183e+01
   9.5035548e+00
   8.9472549e+00
   8.3449640e+00
   7.7060808e+00
   7.0405747e+00
   6.3588308e+00
   5.7128102e+00
   5.1164074e+00
   4.5337929e+00
   3.9740580e+00
   3.4459372e+00
   2.9576718e+00
   2.5168809e+00
   2.1304428e+00
   1.8043880e+00
   1.5438042e+00
   1.3527579e+00
   1.2342302e+00
   1.1900708e+00
   1.2209688e+00
   1.3264419e+00
   1.5048443e+00
