   0.0000000e+00
   1.4068400e-01
   2.7917267e-01
   4.1330495e-01
   5.4098774e-01
   6.6022860e-01
   7.6916682e-01
   8.6610244e-01
   9.4952282e-01
   1.0181262e+00
   1.0708421e+00
   1.1068478e+00
   1.1255816e+00
   1.1267510e+00
   1.1103379e+00
   1.0765983e+00
   1.0260587e+00
   9.5950789e-01
   8.7798423e-01
   7.8275993e-01
   6.7532092e-01
   5.5734375e-01
   4.3066942e-01
   2.9727464e-01
   1.5924098e-01
   1.8722428e-02
  -1.3710821e-01
  -2.9310265e-01
  -4.4452332e-01
  -5.8900736e-01
  -7.2430013e-01
  -8.4829044e-01
  -9.5904346e-01
  -1.0548309e+00
  -1.1341581e+00
  -1.1957871e+00
  -1.2387563e+00
  -1.2623951e+00
  -1.2663346e+00
  -1.2505134e+00
  -1.2151784e+00
  -1.1608809e+00
  -1.0884683e+00
  -9.9907044e-01
  -8.9408245e-01
  -7.7514261e-01
  -6.4410692e-01
  -5.0302016e-01
  -3.5408393e-01
  -1.9962235e-01
  -4.2045726e-02
   1.2552057e-01
   2.9450580e-01
   4.5889535e-01
   6.1612400e-01
   7.6373824e-01
   8.9943460e-01
   1.0210956e+00
   1.1268227e+00
   1.2149662e+00
   1.2841505e+00
   1.3332960e+00
   1.3616359e+00
   1.3687280e+00
   1.3544615e+00
   1.3190591e+00
   1.2630732e+00
   1.1873775e+00
   1.0931531e+00
   9.8187046e-01
   8.5526606e-01
   7.1531552e-01
   5.6420272e-01
   4.0428572e-01
   2.3805999e-01
   6.8119400e-02
  -8.6018751e-02
  -2.2764805e-01
  -3.6572498e-01
  -4.9809489e-01
  -6.2269220e-01
  -7.3757261e-01
  -8.4094344e-01
  -9.3119163e-01
  -1.0069089e+00
  -1.0669137e+00
  -1.1102696e+00
  -1.1363002e+00
  -1.1445992e+00
  -1.1350370e+00
  -1.1077631e+00
  -1.0632028e+00
  -1.0020516e+00
  -9.2526377e-01
  -8.3403748e-01
  -7.2979632e-01
  -6.1416692e-01
  -4.8895366e-01
  -3.5611044e-01
  -2.1771023e-01
  -7.5912731e-02
   9.4199610e-02
   2.9354948e-01
   4.8831860e-01
   6.7546768e-01
   8.5207631e-01
   1.0153886e+00
   1.1628560e+00
   1.2921775e+00
   1.4013350e+00
   1.4886251e+00
   1.5526858e+00
   1.5925172e+00
   1.6074980e+00
   1.5973943e+00
   1.5623639e+00
   1.5029532e+00
   1.4200895e+00
   1.3150657e+00
   1.1895208e+00
   1.0454138e+00
   8.8499348e-01
   7.1076312e-01
   5.2544155e-01
   3.3192064e-01
   1.3322022e-01
  -4.9233744e-02
  -1.9478359e-01
  -3.3729391e-01
  -4.7454087e-01
  -6.0438278e-01
  -7.2479349e-01
  -8.3389405e-01
  -9.2998197e-01
  -1.0115578e+00
  -1.0773487e+00
  -1.1263278e+00
  -1.1577310e+00
  -1.1710682e+00
  -1.1661313e+00
  -1.1429973e+00
  -1.1020272e+00
  -1.0438603e+00
  -9.6940434e-01
  -8.7982115e-01
  -7.7650863e-01
  -6.6107897e-01
  -5.3533338e-01
  -4.0123410e-01
  -2.6087369e-01
  -1.1644244e-01
   4.0839565e-02
   2.4058959e-01
   4.3658530e-01
   6.2576824e-01
   8.0518628e-01
   9.7203966e-01
   1.1237247e+00
   1.2578743e+00
   1.3723953e+00
   1.4655005e+00
   1.5357371e+00
   1.5820089e+00
   1.6035941e+00
   1.6001557e+00
   1.5717474e+00
   1.5188126e+00
   1.4421771e+00
   1.3430370e+00
   1.2229392e+00
   1.0837579e+00
   9.2766491e-01
   7.5709600e-01
   5.7471286e-01
   3.8336152e-01
   1.8602796e-01
  -1.6197938e-02
  -2.4421797e-01
  -4.6842707e-01
  -6.8532652e-01
  -8.9153167e-01
  -1.0838248e+00
  -1.2592052e+00
  -1.4149361e+00
  -1.5485874e+00
  -1.6580735e+00
  -1.7416859e+00
  -1.7981199e+00
  -1.8264949e+00
  -1.8263680e+00
  -1.7977412e+00
  -1.7410613e+00
  -1.6572127e+00
  -1.5475039e+00
  -1.4136468e+00
  -1.2577302e+00
  -1.0821871e+00
  -8.8975686e-01
  -6.8344228e-01
  -4.6646280e-01
  -2.4220433e-01
  -1.4166344e-02
   2.0516860e-01
   4.2071146e-01
   6.2968925e-01
   8.2884096e-01
   1.0150589e+00
   1.1854371e+00
   1.3373171e+00
   1.4683286e+00
   1.5764273e+00
   1.6599265e+00
   1.7175230e+00
   1.7483182e+00
   1.7518314e+00
   1.7280079e+00
   1.6772194e+00
   1.6002585e+00
   1.4983260e+00
   1.3730127e+00
   1.2262740e+00
   1.0603997e+00
   8.7797822e-01
   6.8185617e-01
   4.7509398e-01
   2.6091811e-01
   4.2670702e-02
  -1.9608772e-01
  -4.3659105e-01
  -6.7028151e-01
  -8.9351246e-01
  -1.1028004e+00
  -1.2948796e+00
  -1.4667526e+00
  -1.6157374e+00
  -1.7395091e+00
  -1.8361365e+00
  -1.9041115e+00
  -1.9423734e+00
  -1.9503253e+00
  -1.9278431e+00
  -1.8752774e+00
  -1.7934487e+00
  -1.6836339e+00
  -1.5475465e+00
  -1.3873101e+00
  -1.2054252e+00
  -1.0047301e+00
  -7.8835652e-01
  -5.5968088e-01
  -3.2227161e-01
  -7.9833391e-02
   1.4319974e-01
   3.5393650e-01
   5.5915021e-01
   7.5563856e-01
   9.4033542e-01
   1.1103587e+00
   1.2630551e+00
   1.3960421e+00
   1.5072442e+00
   1.5949263e+00
   1.6577201e+00
   1.6946458e+00
   1.7051270e+00
   1.6890004e+00
   1.6465174e+00
   1.5783411e+00
   1.4855353e+00
   1.3695482e+00
   1.2321898e+00
   1.0756035e+00
   9.0223272e-01
   7.1478291e-01
   5.1617916e-01
   3.0952061e-01
   9.8032094e-02
  -8.2251519e-02
  -2.3334351e-01
  -3.8079425e-01
  -5.2230283e-01
  -6.5566104e-01
  -7.7878788e-01
  -8.8976200e-01
  -9.8685168e-01
  -1.0685419e+00
  -1.1335578e+00
  -1.1808850e+00
  -1.2097848e+00
  -1.2198064e+00
  -1.2107933e+00
  -1.1828861e+00
  -1.1365205e+00
  -1.0724198e+00
  -9.9158431e-01
  -8.9527551e-01
  -7.8499624e-01
  -6.6246737e-01
  -5.2960091e-01
  -3.8847021e-01
  -2.4127757e-01
  -9.0319862e-02
   8.6762014e-02
   2.9846635e-01
   5.0551322e-01
   7.0467173e-01
   8.9283407e-01
   1.0670640e+00
   1.2246428e+00
   1.3631115e+00
   1.4803092e+00
   1.5744072e+00
   1.6439371e+00
   1.6878140e+00
   1.7053530e+00
   1.6962806e+00
   1.6607383e+00
   1.5992807e+00
   1.5128669e+00
   1.4028453e+00
   1.2709328e+00
   1.1191878e+00
   9.4997827e-01
   7.6594462e-01
   5.6995866e-01
   3.6507869e-01
   1.5450179e-01
  -5.4634568e-02
  -2.5274393e-01
  -4.4690930e-01
  -6.3410080e-01
  -8.1139737e-01
  -9.7603236e-01
  -1.1254367e+00
  -1.2572790e+00
  -1.3695018e+00
  -1.4603540e+00
  -1.5284179e+00
  -1.5726314e+00
  -1.5923044e+00
  -1.5871301e+00
  -1.5571891e+00
  -1.5029488e+00
  -1.4252554e+00
  -1.3253214e+00
  -1.2047062e+00
  -1.0652919e+00
  -9.0925413e-01
  -7.3902775e-01
  -5.5726909e-01
  -3.6681443e-01
  -1.7063575e-01
   2.7655790e-02
   2.2218934e-01
   4.1325570e-01
   5.9787334e-01
   7.7316136e-01
   9.3638447e-01
   1.0849956e+00
   1.2166757e+00
   1.3293701e+00
   1.4213200e+00
   1.4910907e+00
   1.5375935e+00
   1.5601026e+00
   1.5582669e+00
   1.5321149e+00
   1.4820547e+00
   1.4088676e+00
   1.3136956e+00
   1.1980238e+00
   1.0636573e+00
   9.1269272e-01
   7.4748589e-01
   5.7061479e-01
   3.8483944e-01
   1.9305880e-01
  -1.6704713e-03
  -1.8925084e-01
  -3.7387802e-01
  -5.5267096e-01
  -7.2283965e-01
  -8.8172867e-01
  -1.0268586e+00
  -1.1559648e+00
  -1.2670325e+00
  -1.3583286e+00
  -1.4284284e+00
  -1.4762381e+00
  -1.5010115e+00
  -1.5023622e+00
  -1.4802691e+00
  -1.4350768e+00
  -1.3674907e+00
  -1.2785653e+00
  -1.1696883e+00
  -1.0425587e+00
  -8.9916036e-01
  -7.4173091e-01
  -5.7272699e-01
  -3.9478587e-01
  -2.1068424e-01
  -2.3294958e-02
   2.0760620e-01
   4.4137958e-01
   6.6826537e-01
   8.8472311e-01
   1.0873750e+00
   1.2730588e+00
   1.4388770e+00
   1.5822419e+00
   1.7009165e+00
   1.7930489e+00
   1.8572013e+00
   1.8923728e+00
   1.8980143e+00
   1.8740381e+00
   1.8208180e+00
   1.7391847e+00
   1.6304120e+00
   1.4961973e+00
   1.3386350e+00
   1.1601836e+00
   9.6362802e-01
   7.5203532e-01
   5.2870736e-01
   2.9712910e-01
   6.0914242e-02
  -1.4249662e-01
  -3.3201794e-01
  -5.1635823e-01
  -6.9264093e-01
  -8.5811519e-01
  -1.0101989e+00
  -1.1465187e+00
  -1.2649475e+00
  -1.3636372e+00
  -1.4410479e+00
  -1.4959714e+00
  -1.5275508e+00
  -1.5352933e+00
  -1.5190781e+00
  -1.4791582e+00
  -1.4161564e+00
  -1.3310561e+00
  -1.2251850e+00
  -1.1001954e+00
  -9.5803755e-01
  -8.0092987e-01
  -6.3132394e-01
  -4.5186641e-01
  -2.6535766e-01
  -7.4708093e-02
   1.3370162e-01
   3.5061126e-01
   5.6204973e-01
   7.6471760e-01
   9.5545231e-01
   1.1312775e+00
   1.2894495e+00
   1.4275000e+00
   1.5432749e+00
   1.6349676e+00
   1.7011470e+00
   1.7407807e+00
   1.7532501e+00
   1.7383605e+00
   1.6963445e+00
   1.6278575e+00
   1.5339684e+00
   1.4161422e+00
   1.2762176e+00
   1.1163781e+00
   9.3911779e-01
   7.4720290e-01
   5.4362817e-01
   3.3157030e-01
   1.1433838e-01
  -6.2965526e-02
  -1.9372507e-01
  -3.2146160e-01
  -4.4418183e-01
  -5.5997075e-01
  -6.6702151e-01
  -7.6366363e-01
  -8.4838903e-01
  -9.1987560e-01
  -9.7700783e-01
  -1.0188942e+00
  -1.0448810e+00
  -1.0545628e+00
  -1.0477886e+00
  -1.0246639e+00
