-2.000000 0.000000 -20.000000 0.000000 0.000000 -1.570796 0.000000 -1.500000 0.000000 0.000000 0.000000 0.000000 0.000000 0.000000 57.500000 0.000000
-1.998594 -0.074982 -20.000000 0.000000 0.000000 -1.533296 0.056237 -1.498945 0.000000 0.000000 0.000000 0.000000 0.000000 0.000000 57.500000 0.000000
-1.994378 -0.149859 -20.000000 0.000000 0.000000 -1.495796 0.112395 -1.495783 0.000000 0.000000 0.000000 0.000000 0.000000 0.000000 57.500000 0.000000
-1.987357 -0.224526 -20.000000 0.000000 0.000000 -1.458296 0.168394 -1.490518 0.000000 0.000000 0.000000 0.000000 0.000000 0.000000 57.500000 0.000000
-1.977542 -0.298876 -20.000000 0.000000 0.000000 -1.420796 0.224157 -1.483157 0.000000 0.000000 0.000000 0.000000 0.000000 0.000000 57.500000 0.000000
-1.964947 -0.372807 -20.000000 0.000000 0.000000 -1.383296 0.279605 -1.473710 0.000000 0.000000 0.000000 0.000000 0.000000 0.000000 57.500000 0.000000
-1.949588 -0.446213 -20.000000 0.000000 0.000000 -1.345796 0.334660 -1.462191 0.000000 0.000000 0.000000 0.000000 0.000000 0.000000 57.500000 0.000000
-1.931489 -0.518991 -20.000000 0.000000 0.000000 -1.308296 0.389244 -1.448616 0.000000 0.000000 0.000000 0.000000 0.000000 0.000000 57.500000 0.000000
-1.910673 -0.591040 -20.000000 0.000000 0.000000 -1.270796 0.443280 -1.433005 0.000000 0.000000 0.000000 0.000000 0.000000 0.000000 57.500000 0.000000
-1.887171 -0.662258 -20.000000 0.000000 0.000000 -1.233296 0.496694 -1.415378 0.000000 0.000000 0.000000 0.000000 0.000000 0.000000 57.500000 0.000000
-1.861015 -0.732545 -20.000000 0.000000 0.000000 -1.195796 0.549409 -1.395761 0.000000 0.000000 0.000000 0.000000 0.000000 0.000000 57.500000 0.000000
-1.832243 -0.801802 -20.000000 0.000000 0.000000 -1.158296 0.601351 -1.374182 0.000000 0.000000 0.000000 0.000000 0.000000 0.000000 57.500000 0.000000
-1.800894 -0.869931 -20.000000 0.000000 0.000000 -1.120796 0.652448 -1.350671 0.000000 0.000000 0.000000 0.000000 0.000000 0.000000 57.500000 0.000000
-1.767013 -0.936837 -20.000000 0.000000 0.000000 -1.083296 0.702628 -1.325260 0.000000 0.000000 0.000000 0.000000 0.000000 0.000000 57.500000 0.000000
-1.730648 -1.002426 -20.000000 0.000000 0.000000 -1.045796 0.751820 -1.297986 0.000000 0.000000 0.000000 0.000000 0.000000 0.000000 57.500000 0.000000
-1.691849 -1.066605 -20.000000 0.000000 0.000000 -1.008296 0.799954 -1.268887 0.000000 0.000000 0.000000 0.000000 0.000000 0.000000 57.500000 0.000000
-1.650671 -1.129285 -20.000000 0.000000 0.000000 -0.970796 0.846964 -1.238003 0.000000 0.000000 0.000000 0.000000 0.000000 0.000000 57.500000 0.000000
-1.607172 -1.190377 -20.000000 0.000000 0.000000 -0.933296 0.892783 -1.205379 0.000000 0.000000 0.000000 0.000000 0.000000 0.000000 57.500000 0.000000
-1.561414 -1.249795 -20.000000 0.000000 0.000000 -0.895796 0.937346 -1.171060 0.000000 0.000000 0.000000 0.000000 0.000000 0.000000 57.500000 0.000000
-1.513460 -1.307455 -20.000000 0.000000 0.000000 -0.858296 0.980591 -1.135095 0.000000 0.000000 0.000000 0.000000 0.000000 0.000000 57.500000 0.000000
-1.463378 -1.363278 -20.000000 0.000000 0.000000 -0.820796 1.022458 -1.097533 0.000000 0.000000 0.000000 0.000000 0.000000 0.000000 57.500000 0.000000
-1.411238 -1.417183 -20.000000 0.000000 0.000000 -0.783296 1.062887 -1.058428 0.000000 0.000000 0.000000 0.000000 0.000000 0.000000 57.500000 0.000000
-1.357114 -1.469096 -20.000000 0.000000 0.000000 -0.745796 1.101822 -1.017835 0.000000 0.000000 0.000000 0.000000 0.000000 0.000000 57.500000 0.000000
-1.301082 -1.518943 -20.000000 0.000000 0.000000 -0.708296 1.139207 -0.975811 0.000000 0.000000 0.000000 0.000000 0.000000 0.000000 57.500000 0.000000
-1.243220 -1.566654 -20.000000 0.000000 0.000000 -0.670796 1.174990 -0.932415 0.000000 0.000000 0.000000 0.000000 0.000000 0.000000 57.500000 0.000000
-1.183610 -1.612162 -20.000000 0.000000 0.000000 -0.633296 1.209122 -0.887708 0.000000 0.000000 0.000000 0.000000 0.000000 0.000000 57.500000 0.000000
-1.122336 -1.655404 -20.000000 0.000000 0.000000 -0.595796 1.241553 -0.841752 0.000000 0.000000 0.000000 0.000000 0.000000 0.000000 57.500000 0.000000
-1.059484 -1.696318 -20.000000 0.000000 0.000000 -0.558296 1.272238 -0.794613 0.000000 0.000000 0.000000 0.000000 0.000000 0.000000 57.500000 0.000000
-0.995142 -1.734846 -20.000000 0.000000 0.000000 -0.520796 1.301135 -0.746357 0.000000 0.000000 0.000000 0.000000 0.000000 0.000000 57.500000 0.000000
-0.929401 -1.770936 -20.000000 0.000000 0.000000 -0.483296 1.328202 -0.697051 0.000000 0.000000 0.000000 0.000000 0.000000 0.000000 57.500000 0.000000
-0.862353 -1.804535 -20.000000 0.000000 0.000000 -0.445796 1.353401 -0.646765 0.000000 0.000000 0.000000 0.000000 0.000000 0.000000 57.500000 0.000000
-0.794093 -1.835597 -20.000000 0.000000 0.000000 -0.408296 1.376698 -0.595569 0.000000 0.000000 0.000000 0.000000 0.000000 0.000000 57.500000 0.000000
-0.724716 -1.864078 -20.000000 0.000000 0.000000 -0.370796 1.398059 -0.543537 0.000000 0.000000 0.000000 0.000000 0.000000 0.000000 57.500000 0.000000
-0.654319 -1.889938 -20.000000 0.000000 0.000000 -0.333296 1.417454 -0.490740 0.000000 0.000000 0.000000 0.000000 0.000000 0.000000 57.500000 0.000000
-0.583003 -1.913141 -20.000000 0.000000 0.000000 -0.295796 1.434855 -0.437253 0.000000 0.000000 0.000000 0.000000 0.000000 0.000000 57.500000 0.000000
-0.510868 -1.933653 -20.000000 0.000000 0.000000 -0.258296 1.450240 -0.383151 0.000000 0.000000 0.000000 0.000000 0.000000 0.000000 57.500000 0.000000
-0.438013 -1.951447 -20.000000 0.000000 0.000000 -0.220796 1.463585 -0.328510 0.000000 0.000000 0.000000 0.000000 0.000000 0.000000 57.500000 0.000000
-0.364543 -1.966496 -20.000000 0.000000 0.000000 -0.183296 1.474872 -0.273407 0.000000 0.000000 0.000000 0.000000 0.000000 0.000000 57.500000 0.000000
-0.290561 -1.978781 -20.000000 0.000000 0.000000 -0.145796 1.484086 -0.217921 0.000000 0.000000 0.000000 0.000000 0.000000 0.000000 57.500000 0.000000
-0.216170 -1.988283 -20.000000 0.000000 0.000000 -0.108296 1.491213 -0.162127 0.000000 0.000000 0.000000 0.000000 0.000000 0.000000 57.500000 0.000000
-0.141474 -1.994990 -20.000000 0.000000 0.000000 -0.070796 1.496242 -0.106106 0.000000 0.000000 0.000000 0.000000 0.000000 0.000000 57.500000 0.000000
-0.066580 -1.998891 -20.000000 0.000000 0.000000 -0.033296 1.499169 -0.049935 0.000000 0.000000 0.000000 0.000000 0.000000 0.000000 57.500000 0.000000
0.008407 -1.999982 -20.000000 0.000000 0.000000 0.004204 1.499987 0.006305 0.000000 0.000000 0.000000 0.000000 0.000000 0.000000 57.500000 0.000000
0.083383 -1.998261 -20.000000 0.000000 0.000000 0.041704 1.498696 0.062537 0.000000 0.000000 0.000000 0.000000 0.000000 0.000000 57.500000 0.000000
0.158242 -1.993730 -20.000000 0.000000 0.000000 0.079204 1.495298 0.118681 0.000000 0.000000 0.000000 0.000000 0.000000 0.000000 57.500000 0.000000
0.232878 -1.986396 -20.000000 0.000000 0.000000 0.116704 1.489797 0.174658 0.000000 0.000000 0.000000 0.000000 0.000000 0.000000 57.500000 0.000000
0.307187 -1.976268 -20.000000 0.000000 0.000000 0.154204 1.482201 0.230390 0.000000 0.000000 0.000000 0.000000 0.000000 0.000000 57.500000 0.000000
0.381063 -1.963362 -20.000000 0.000000 0.000000 0.191704 1.472522 0.285797 0.000000 0.000000 0.000000 0.000000 0.000000 0.000000 57.500000 0.000000
0.454404 -1.947695 -20.000000 0.000000 0.000000 0.229204 1.460771 0.340803 0.000000 0.000000 0.000000 0.000000 0.000000 0.000000 57.500000 0.000000
0.527106 -1.929290 -20.000000 0.000000 0.000000 0.266704 1.446967 0.395330 0.000000 0.000000 0.000000 0.000000 0.000000 0.000000 57.500000 0.000000
0.599067 -1.908172 -20.000000 0.000000 0.000000 0.304204 1.431129 0.449300 0.000000 0.000000 0.000000 0.000000 0.000000 0.000000 57.500000 0.000000
0.670186 -1.884370 -20.000000 0.000000 0.000000 0.341704 1.413278 0.502639 0.000000 0.000000 0.000000 0.000000 0.000000 0.000000 57.500000 0.000000
0.740362 -1.857919 -20.000000 0.000000 0.000000 0.379204 1.393440 0.555271 0.000000 0.000000 0.000000 0.000000 0.000000 0.000000 57.500000 0.000000
0.809497 -1.828856 -20.000000 0.000000 0.000000 0.416704 1.371642 0.607123 0.000000 0.000000 0.000000 0.000000 0.000000 0.000000 57.500000 0.000000
0.877494 -1.797221 -20.000000 0.000000 0.000000 0.454204 1.347916 0.658120 0.000000 0.000000 0.000000 0.000000 0.000000 0.000000 57.500000 0.000000
0.944257 -1.763060 -20.000000 0.000000 0.000000 0.491704 1.322295 0.708193 0.000000 0.000000 0.000000 0.000000 0.000000 0.000000 57.500000 0.000000
1.009692 -1.726419 -20.000000 0.000000 0.000000 0.529204 1.294814 0.757269 0.000000 0.000000 0.000000 0.000000 0.000000 0.000000 57.500000 0.000000
1.073708 -1.687350 -20.000000 0.000000 0.000000 0.566704 1.265513 0.805281 0.000000 0.000000 0.000000 0.000000 0.000000 0.000000 57.500000 0.000000
1.136214 -1.645910 -20.000000 0.000000 0.000000 0.604204 1.234432 0.852160 0.000000 0.000000 0.000000 0.000000 0.000000 0.000000 57.500000 0.000000
1.197122 -1.602154 -20.000000 0.000000 0.000000 0.641704 1.201616 0.897842 0.000000 0.000000 0.000000 0.000000 0.000000 0.000000 57.500000 0.000000
1.256347 -1.556146 -20.000000 0.000000 0.000000 0.679204 1.167110 0.942260 0.000000 0.000000 0.000000 0.000000 0.000000 0.000000 57.500000 0.000000
1.313806 -1.507950 -20.000000 0.000000 0.000000 0.716704 1.130963 0.985354 0.000000 0.000000 0.000000 0.000000 0.000000 0.000000 57.500000 0.000000
1.369417 -1.457634 -20.000000 0.000000 0.000000 0.754204 1.093226 1.027063 0.000000 0.000000 0.000000 0.000000 0.000000 0.000000 57.500000 0.000000
1.423103 -1.405268 -20.000000 0.000000 0.000000 0.791704 1.053951 1.067327 0.000000 0.000000 0.000000 0.000000 0.000000 0.000000 57.500000 0.000000
1.474787 -1.350926 -20.000000 0.000000 0.000000 0.829204 1.013195 1.106091 0.000000 0.000000 0.000000 0.000000 0.000000 0.000000 57.500000 0.000000
1.524398 -1.294685 -20.000000 0.000000 0.000000 0.866704 0.971014 1.143299 0.000000 0.000000 0.000000 0.000000 0.000000 0.000000 57.500000 0.000000
1.571866 -1.236623 -20.000000 0.000000 0.000000 0.904204 0.927467 1.178900 0.000000 0.000000 0.000000 0.000000 0.000000 0.000000 57.500000 0.000000
1.617123 -1.176823 -20.000000 0.000000 0.000000 0.941704 0.882617 1.212843 0.000000 0.000000 0.000000 0.000000 0.000000 0.000000 57.500000 0.000000
1.660107 -1.115367 -20.000000 0.000000 0.000000 0.979204 0.836526 1.245080 0.000000 0.000000 0.000000 0.000000 0.000000 0.000000 57.500000 0.000000
1.700756 -1.052344 -20.000000 0.000000 0.000000 1.016704 0.789258 1.275567 0.000000 0.000000 0.000000 0.000000 0.000000 0.000000 57.500000 0.000000
1.739014 -0.987841 -20.000000 0.000000 0.000000 1.054204 0.740880 1.304261 0.000000 0.000000 0.000000 0.000000 0.000000 0.000000 57.500000 0.000000
1.774827 -0.921948 -20.000000 0.000000 0.000000 1.091704 0.691461 1.331120 0.000000 0.000000 0.000000 0.000000 0.000000 0.000000 57.500000 0.000000
1.808144 -0.854760 -20.000000 0.000000 0.000000 1.129204 0.641070 1.356108 0.000000 0.000000 0.000000 0.000000 0.000000 0.000000 57.500000 0.000000
1.838919 -0.786369 -20.000000 0.000000 0.000000 1.166704 0.589777 1.379189 0.000000 0.000000 0.000000 0.000000 0.000000 0.000000 57.500000 0.000000
1.867108 -0.716873 -20.000000 0.000000 0.000000 1.204204 0.537655 1.400331 0.000000 0.000000 0.000000 0.000000 0.000000 0.000000 57.500000 0.000000
1.892672 -0.646369 -20.000000 0.000000 0.000000 1.241704 0.484777 1.419504 0.000000 0.000000 0.000000 0.000000 0.000000 0.000000 57.500000 0.000000
1.915574 -0.574956 -20.000000 0.000000 0.000000 1.279204 0.431217 1.436681 0.000000 0.000000 0.000000 0.000000 0.000000 0.000000 57.500000 0.000000
1.935784 -0.502735 -20.000000 0.000000 0.000000 1.316704 0.377051 1.451838 0.000000 0.000000 0.000000 0.000000 0.000000 0.000000 57.500000 0.000000
1.953271 -0.429806 -20.000000 0.000000 0.000000 1.354204 0.322355 1.464953 0.000000 0.000000 0.000000 0.000000 0.000000 0.000000 57.500000 0.000000
1.968011 -0.356274 -20.000000 0.000000 0.000000 1.391704 0.267205 1.476009 0.000000 0.000000 0.000000 0.000000 0.000000 0.000000 57.500000 0.000000
1.979985 -0.282240 -20.000000 0.000000 0.000000 1.429204 0.211680 1.484989 0.000000 0.000000 0.000000 0.000000 0.000000 0.000000 57.500000 0.000000
1.989174 -0.207810 -20.000000 0.000000 0.000000 1.466704 0.155857 1.491881 0.000000 0.000000 0.000000 0.000000 0.000000 0.000000 57.500000 0.000000
1.995567 -0.133087 -20.000000 0.000000 0.000000 1.504204 0.099815 1.496675 0.000000 0.000000 0.000000 0.000000 0.000000 0.000000 57.500000 0.000000
1.999154 -0.058177 -20.000000 0.000000 0.000000 1.541704 0.043633 1.499365 0.000000 0.000000 0.000000 0.000000 0.000000 0.000000 57.500000 0.000000
1.999929 0.016814 -20.000000 0.000000 0.000000 1.579204 -0.012611 1.499947 0.000000 0.000000 0.000000 0.000000 0.000000 0.000000 57.500000 0.000000
1.997893 0.091782 -20.000000 0.000000 0.000000 1.616704 -0.068837 1.498420 0.000000 0.000000 0.000000 0.000000 0.000000 0.000000 57.500000 0.000000
1.993047 0.166621 -20.000000 0.000000 0.000000 1.654204 -0.124966 1.494785 0.000000 0.000000 0.000000 0.000000 0.000000 0.000000 57.500000 0.000000
1.985399 0.241226 -20.000000 0.000000 0.000000 1.691704 -0.180919 1.489049 0.000000 0.000000 0.000000 0.000000 0.000000 0.000000 57.500000 0.000000
1.974960 0.315491 -20.000000 0.000000 0.000000 1.729204 -0.236619 1.481220 0.000000 0.000000 0.000000 0.000000 0.000000 0.000000 57.500000 0.000000
1.961743 0.389313 -20.000000 0.000000 0.000000 1.766704 -0.291985 1.471307 0.000000 0.000000 0.000000 0.000000 0.000000 0.000000 57.500000 0.000000
1.945768 0.462588 -20.000000 0.000000 0.000000 1.804204 -0.346941 1.459326 0.000000 0.000000 0.000000 0.000000 0.000000 0.000000 57.500000 0.000000
1.927057 0.535212 -20.000000 0.000000 0.000000 1.841704 -0.401409 1.445293 0.000000 0.000000 0.000000 0.000000 0.000000 0.000000 57.500000 0.000000
1.905636 0.607083 -20.000000 0.000000 0.000000 1.879204 -0.455312 1.429227 0.000000 0.000000 0.000000 0.000000 0.000000 0.000000 57.500000 0.000000
1.881536 0.678101 -20.000000 0.000000 0.000000 1.916704 -0.508576 1.411152 0.000000 0.000000 0.000000 0.000000 0.000000 0.000000 57.500000 0.000000
1.854791 0.748165 -20.000000 0.000000 0.000000 1.954204 -0.561124 1.391093 0.000000 0.000000 0.000000 0.000000 0.000000 0.000000 57.500000 0.000000
1.825437 0.817178 -20.000000 0.000000 0.000000 1.991704 -0.612883 1.369078 0.000000 0.000000 0.000000 0.000000 0.000000 0.000000 57.500000 0.000000
1.793517 0.885041 -20.000000 0.000000 0.000000 2.029204 -0.663781 1.345138 0.000000 0.000000 0.000000 0.000000 0.000000 0.000000 57.500000 0.000000
1.759075 0.951660 -20.000000 0.000000 0.000000 2.066704 -0.713745 1.319306 0.000000 0.000000 0.000000 0.000000 0.000000 0.000000 57.500000 0.000000
1.722159 1.016941 -20.000000 0.000000 0.000000 2.104204 -0.762705 1.291619 0.000000 0.000000 0.000000 0.000000 0.000000 0.000000 57.500000 0.000000
1.682822 1.080791 -20.000000 0.000000 0.000000 2.141704 -0.810594 1.262116 0.000000 0.000000 0.000000 0.000000 0.000000 0.000000 57.500000 0.000000
1.641119 1.143123 -20.000000 0.000000 0.000000 2.179204 -0.857342 1.230839 0.000000 0.000000 0.000000 0.000000 0.000000 0.000000 57.500000 0.000000
1.597108 1.203847 -20.000000 0.000000 0.000000 2.216704 -0.902885 1.197831 0.000000 0.000000 0.000000 0.000000 0.000000 0.000000 57.500000 0.000000
1.550851 1.262878 -20.000000 0.000000 0.000000 2.254204 -0.947158 1.163139 0.000000 0.000000 0.000000 0.000000 0.000000 0.000000 57.500000 0.000000
1.502414 1.320133 -20.000000 0.000000 0.000000 2.291704 -0.990100 1.126811 0.000000 0.000000 0.000000 0.000000 0.000000 0.000000 57.500000 0.000000
1.451865 1.375532 -20.000000 0.000000 0.000000 2.329204 -1.031649 1.088898 0.000000 0.000000 0.000000 0.000000 0.000000 0.000000 57.500000 0.000000
1.399274 1.428997 -20.000000 0.000000 0.000000 2.366704 -1.071748 1.049455 0.000000 0.000000 0.000000 0.000000 0.000000 0.000000 57.500000 0.000000
1.344715 1.480453 -20.000000 0.000000 0.000000 2.404204 -1.110340 1.008536 0.000000 0.000000 0.000000 0.000000 0.000000 0.000000 57.500000 0.000000
1.288266 1.529827 -20.000000 0.000000 0.000000 2.441704 -1.147371 0.966199 0.000000 0.000000 0.000000 0.000000 0.000000 0.000000 57.500000 0.000000
1.230005 1.577051 -20.000000 0.000000 0.000000 2.479204 -1.182788 0.922504 0.000000 0.000000 0.000000 0.000000 0.000000 0.000000 57.500000 0.000000
1.170014 1.622056 -20.000000 0.000000 0.000000 2.516704 -1.216542 0.877511 0.000000 0.000000 0.000000 0.000000 0.000000 0.000000 57.500000 0.000000
1.108379 1.664781 -20.000000 0.000000 0.000000 2.554204 -1.248586 0.831284 0.000000 0.000000 0.000000 0.000000 0.000000 0.000000 57.500000 0.000000
1.045185 1.705165 -20.000000 0.000000 0.000000 2.591704 -1.278874 0.783889 0.000000 0.000000 0.000000 0.000000 0.000000 0.000000 57.500000 0.000000
0.980522 1.743152 -20.000000 0.000000 0.000000 2.629204 -1.307364 0.735391 0.000000 0.000000 0.000000 0.000000 0.000000 0.000000 57.500000 0.000000
0.914479 1.778687 -20.000000 0.000000 0.000000 2.666704 -1.334015 0.685860 0.000000 0.000000 0.000000 0.000000 0.000000 0.000000 57.500000 0.000000
0.847151 1.811721 -20.000000 0.000000 0.000000 2.704204 -1.358791 0.635364 0.000000 0.000000 0.000000 0.000000 0.000000 0.000000 57.500000 0.000000
0.778632 1.842208 -20.000000 0.000000 0.000000 2.741704 -1.381656 0.583974 0.000000 0.000000 0.000000 0.000000 0.000000 0.000000 57.500000 0.000000
0.709018 1.870105 -20.000000 0.000000 0.000000 2.779204 -1.402579 0.531764 0.000000 0.000000 0.000000 0.000000 0.000000 0.000000 57.500000 0.000000
0.638407 1.895372 -20.000000 0.000000 0.000000 2.816704 -1.421529 0.478805 0.000000 0.000000 0.000000 0.000000 0.000000 0.000000 57.500000 0.000000
0.566899 1.917974 -20.000000 0.000000 0.000000 2.854204 -1.438481 0.425174 0.000000 0.000000 0.000000 0.000000 0.000000 0.000000 57.500000 0.000000
0.494593 1.937880 -20.000000 0.000000 0.000000 2.891704 -1.453410 0.370945 0.000000 0.000000 0.000000 0.000000 0.000000 0.000000 57.500000 0.000000
0.421592 1.955060 -20.000000 0.000000 0.000000 2.929204 -1.466295 0.316194 0.000000 0.000000 0.000000 0.000000 0.000000 0.000000 57.500000 0.000000
0.347998 1.969492 -20.000000 0.000000 0.000000 2.966704 -1.477119 0.260998 0.000000 0.000000 0.000000 0.000000 0.000000 0.000000 57.500000 0.000000
0.273914 1.981154 -20.000000 0.000000 0.000000 3.004204 -1.485865 0.205436 0.000000 0.000000 0.000000 0.000000 0.000000 0.000000 57.500000 0.000000
0.199446 1.990030 -20.000000 0.000000 0.000000 3.041704 -1.492523 0.149584 0.000000 0.000000 0.000000 0.000000 0.000000 0.000000 57.500000 0.000000
0.124697 1.996109 -20.000000 0.000000 0.000000 3.079204 -1.497082 0.093523 0.000000 0.000000 0.000000 0.000000 0.000000 0.000000 57.500000 0.000000
0.049773 1.999381 -20.000000 0.000000 0.000000 3.116704 -1.499535 0.037330 0.000000 0.000000 0.000000 0.000000 0.000000 0.000000 57.500000 0.000000
-0.025221 1.999841 -20.000000 0.000000 0.000000 3.154204 -1.499881 -0.018916 0.000000 0.000000 0.000000 0.000000 0.000000 0.000000 57.500000 0.000000
-0.100180 1.997489 -20.000000 0.000000 0.000000 3.191704 -1.498117 -0.075135 0.000000 0.000000 0.000000 0.000000 0.000000 0.000000 57.500000 0.000000
-0.174998 1.992329 -20.000000 0.000000 0.000000 3.229204 -1.494247 -0.131248 0.000000 0.000000 0.000000 0.000000 0.000000 0.000000 57.500000 0.000000
-0.249570 1.984368 -20.000000 0.000000 0.000000 3.266704 -1.488276 -0.187177 0.000000 0.000000 0.000000 0.000000 0.000000 0.000000 57.500000 0.000000
-0.323791 1.973616 -20.000000 0.000000 0.000000 3.304204 -1.480212 -0.242843 0.000000 0.000000 0.000000 0.000000 0.000000 0.000000 57.500000 0.000000
-0.397556 1.960089 -20.000000 0.000000 0.000000 3.341704 -1.470067 -0.298167 0.000000 0.000000 0.000000 0.000000 0.000000 0.000000 57.500000 0.000000
-0.470763 1.943806 -20.000000 0.000000 0.000000 3.379204 -1.457855 -0.353072 0.000000 0.000000 0.000000 0.000000 0.000000 0.000000 57.500000 0.000000
-0.543308 1.924790 -20.000000 0.000000 0.000000 3.416704 -1.443593 -0.407481 0.000000 0.000000 0.000000 0.000000 0.000000 0.000000 57.500000 0.000000
-0.615088 1.903068 -20.000000 0.000000 0.000000 3.454204 -1.427301 -0.461316 0.000000 0.000000 0.000000 0.000000 0.000000 0.000000 57.500000 0.000000
-0.686004 1.878669 -20.000000 0.000000 0.000000 3.491704 -1.409002 -0.514503 0.000000 0.000000 0.000000 0.000000 0.000000 0.000000 57.500000 0.000000
-0.755955 1.851629 -20.000000 0.000000 0.000000 3.529204 -1.388722 -0.566967 0.000000 0.000000 0.000000 0.000000 0.000000 0.000000 57.500000 0.000000
-0.824844 1.821986 -20.000000 0.000000 0.000000 3.566704 -1.366489 -0.618633 0.000000 0.000000 0.000000 0.000000 0.000000 0.000000 57.500000 0.000000
-0.892572 1.789781 -20.000000 0.000000 0.000000 3.604204 -1.342335 -0.669429 0.000000 0.000000 0.000000 0.000000 0.000000 0.000000 57.500000 0.000000
-0.959046 1.755059 -20.000000 0.000000 0.000000 3.641704 -1.316294 -0.719284 0.000000 0.000000 0.000000 0.000000 0.000000 0.000000 57.500000 0.000000
-1.024171 1.717869 -20.000000 0.000000 0.000000 3.679204 -1.288402 -0.768128 0.000000 0.000000 0.000000 0.000000 0.000000 0.000000 57.500000 0.000000
-1.087856 1.678264 -20.000000 0.000000 0.000000 3.716704 -1.258698 -0.815892 0.000000 0.000000 0.000000 0.000000 0.000000 0.000000 57.500000 0.000000
-1.150011 1.636299 -20.000000 0.000000 0.000000 3.754204 -1.227224 -0.862508 0.000000 0.000000 0.000000 0.000000 0.000000 0.000000 57.500000 0.000000
-1.210550 1.592033 -20.000000 0.000000 0.000000 3.791704 -1.194025 -0.907912 0.000000 0.000000 0.000000 0.000000 0.000000 0.000000 57.500000 0.000000
-1.269386 1.545529 -20.000000 0.000000 0.000000 3.829204 -1.159147 -0.952039 0.000000 0.000000 0.000000 0.000000 0.000000 0.000000 57.500000 0.000000
-1.326437 1.496852 -20.000000 0.000000 0.000000 3.866704 -1.122639 -0.994828 0.000000 0.000000 0.000000 0.000000 0.000000 0.000000 57.500000 0.000000
-1.381623 1.446070 -20.000000 0.000000 0.000000 3.904204 -1.084552 -1.036217 0.000000 0.000000 0.000000 0.000000 0.000000 0.000000 57.500000 0.000000
-1.434867 1.393254 -20.000000 0.000000 0.000000 3.941704 -1.044941 -1.076150 0.000000 0.000000 0.000000 0.000000 0.000000 0.000000 57.500000 0.000000
-1.486093 1.338480 -20.000000 0.000000 0.000000 3.979204 -1.003860 -1.114570 0.000000 0.000000 0.000000 0.000000 0.000000 0.000000 57.500000 0.000000
-1.535229 1.281823 -20.000000 0.000000 0.000000 4.016704 -0.961367 -1.151422 0.000000 0.000000 0.000000 0.000000 0.000000 0.000000 57.500000 0.000000
-1.582207 1.223364 -20.000000 0.000000 0.000000 4.054204 -0.917523 -1.186655 0.000000 0.000000 0.000000 0.000000 0.000000 0.000000 57.500000 0.000000
-1.626960 1.163186 -20.000000 0.000000 0.000000 4.091704 -0.872389 -1.220220 0.000000 0.000000 0.000000 0.000000 0.000000 0.000000 57.500000 0.000000
-1.669426 1.101371 -20.000000 0.000000 0.000000 4.129204 -0.826028 -1.252069 0.000000 0.000000 0.000000 0.000000 0.000000 0.000000 57.500000 0.000000
-1.709544 1.038008 -20.000000 0.000000 0.000000 4.166704 -0.778506 -1.282158 0.000000 0.000000 0.000000 0.000000 0.000000 0.000000 57.500000 0.000000
-1.747258 0.973185 -20.000000 0.000000 0.000000 4.204204 -0.729889 -1.310443 0.000000 0.000000 0.000000 0.000000 0.000000 0.000000 57.500000 0.000000
-1.782515 0.906994 -20.000000 0.000000 0.000000 4.241704 -0.680246 -1.336887 0.000000 0.000000 0.000000 0.000000 0.000000 0.000000 57.500000 0.000000
-1.815267 0.839528 -20.000000 0.000000 0.000000 4.279204 -0.629646 -1.361450 0.000000 0.000000 0.000000 0.000000 0.000000 0.000000 57.500000 0.000000
-1.845465 0.770881 -20.000000 0.000000 0.000000 4.316704 -0.578161 -1.384099 0.000000 0.000000 0.000000 0.000000 0.000000 0.000000 57.500000 0.000000
-1.873069 0.701151 -20.000000 0.000000 0.000000 4.354204 -0.525863 -1.404802 0.000000 0.000000 0.000000 0.000000 0.000000 0.000000 57.500000 0.000000
-1.898039 0.630434 -20.000000 0.000000 0.000000 4.391704 -0.472826 -1.423529 0.000000 0.000000 0.000000 0.000000 0.000000 0.000000 57.500000 0.000000
-1.920341 0.558831 -20.000000 0.000000 0.000000 4.429204 -0.419123 -1.440255 0.000000 0.000000 0.000000 0.000000 0.000000 0.000000 57.500000 0.000000
-1.939942 0.486442 -20.000000 0.000000 0.000000 4.466704 -0.364832 -1.454956 0.000000 0.000000 0.000000 0.000000 0.000000 0.000000 57.500000 0.000000
-1.956815 0.413369 -20.000000 0.000000 0.000000 4.504204 -0.310027 -1.467611 0.000000 0.000000 0.000000 0.000000 0.000000 0.000000 57.500000 0.000000
-1.970937 0.339715 -20.000000 0.000000 0.000000 4.541704 -0.254787 -1.478203 0.000000 0.000000 0.000000 0.000000 0.000000 0.000000 57.500000 0.000000
-1.982288 0.265584 -20.000000 0.000000 0.000000 4.579204 -0.199188 -1.486716 0.000000 0.000000 0.000000 0.000000 0.000000 0.000000 57.500000 0.000000
-1.990851 0.191079 -20.000000 0.000000 0.000000 4.616704 -0.143309 -1.493138 0.000000 0.000000 0.000000 0.000000 0.000000 0.000000 57.500000 0.000000
-1.996615 0.116305 -20.000000 0.000000 0.000000 4.654204 -0.087229 -1.497462 0.000000 0.000000 0.000000 0.000000 0.000000 0.000000 57.500000 0.000000
-1.999572 0.041368 -20.000000 0.000000 0.000000 4.691704 -0.031026 -1.499679 0.000000 0.000000 0.000000 0.000000 0.000000 0.000000 57.500000 0.000000
-1.999717 -0.033628 -20.000000 0.000000 0.000000 4.729204 0.025221 -1.499788 0.000000 0.000000 0.000000 0.000000 0.000000 0.000000 57.500000 0.000000
-1.997051 -0.108576 -20.000000 0.000000 0.000000 4.766704 0.081432 -1.497788 0.000000 0.000000 0.000000 0.000000 0.000000 0.000000 57.500000 0.000000
-1.991576 -0.183371 -20.000000 0.000000 0.000000 4.804204 0.137529 -1.493682 0.000000 0.000000 0.000000 0.000000 0.000000 0.000000 57.500000 0.000000
-1.983301 -0.257909 -20.000000 0.000000 0.000000 4.841704 0.193432 -1.487476 0.000000 0.000000 0.000000 0.000000 0.000000 0.000000 57.500000 0.000000
-1.972237 -0.332084 -20.000000 0.000000 0.000000 4.879204 0.249063 -1.479178 0.000000 0.000000 0.000000 0.000000 0.000000 0.000000 57.500000 0.000000
-1.958401 -0.405792 -20.000000 0.000000 0.000000 4.916704 0.304344 -1.468800 0.000000 0.000000 0.000000 0.000000 0.000000 0.000000 57.500000 0.000000
-1.941810 -0.478930 -20.000000 0.000000 0.000000 4.954204 0.359197 -1.456358 0.000000 0.000000 0.000000 0.000000 0.000000 0.000000 57.500000 0.000000
-1.922489 -0.551394 -20.000000 0.000000 0.000000 4.991704 0.413545 -1.441867 0.000000 0.000000 0.000000 0.000000 0.000000 0.000000 57.500000 0.000000
-1.900465 -0.623083 -20.000000 0.000000 0.000000 5.029204 0.467312 -1.425349 0.000000 0.000000 0.000000 0.000000 0.000000 0.000000 57.500000 0.000000
-1.875769 -0.693895 -20.000000 0.000000 0.000000 5.066704 0.520422 -1.406827 0.000000 0.000000 0.000000 0.000000 0.000000 0.000000 57.500000 0.000000
-1.848435 -0.763732 -20.000000 0.000000 0.000000 5.104204 0.572799 -1.386326 0.000000 0.000000 0.000000 0.000000 0.000000 0.000000 57.500000 0.000000
-1.818502 -0.832496 -20.000000 0.000000 0.000000 5.141704 0.624372 -1.363877 0.000000 0.000000 0.000000 0.000000 0.000000 0.000000 57.500000 0.000000
-1.786013 -0.900088 -20.000000 0.000000 0.000000 5.179204 0.675066 -1.339510 0.000000 0.000000 0.000000 0.000000 0.000000 0.000000 57.500000 0.000000
-1.751012 -0.966415 -20.000000 0.000000 0.000000 5.216704 0.724811 -1.313259 0.000000 0.000000 0.000000 0.000000 0.000000 0.000000 57.500000 0.000000
-1.713549 -1.031383 -20.000000 0.000000 0.000000 5.254204 0.773537 -1.285161 0.000000 0.000000 0.000000 0.000000 0.000000 0.000000 57.500000 0.000000
-1.673676 -1.094901 -20.000000 0.000000 0.000000 5.291704 0.821176 -1.255257 0.000000 0.000000 0.000000 0.000000 0.000000 0.000000 57.500000 0.000000
-1.631450 -1.156880 -20.000000 0.000000 0.000000 5.329204 0.867660 -1.223588 0.000000 0.000000 0.000000 0.000000 0.000000 0.000000 57.500000 0.000000
-1.586930 -1.217231 -20.000000 0.000000 0.000000 5.366704 0.912923 -1.190198 0.000000 0.000000 0.000000 0.000000 0.000000 0.000000 57.500000 0.000000
-1.540179 -1.275871 -20.000000 0.000000 0.000000 5.404204 0.956904 -1.155134 0.000000 0.000000 0.000000 0.000000 0.000000 0.000000 57.500000 0.000000
-1.491262 -1.332718 -20.000000 0.000000 0.000000 5.441704 0.999538 -1.118447 0.000000 0.000000 0.000000 0.000000 0.000000 0.000000 57.500000 0.000000
-1.440249 -1.387690 -20.000000 0.000000 0.000000 5.479204 1.040767 -1.080187 0.000000 0.000000 0.000000 0.000000 0.000000 0.000000 57.500000 0.000000
-1.387210 -1.440711 -20.000000 0.000000 0.000000 5.516704 1.080533 -1.040408 0.000000 0.000000 0.000000 0.000000 0.000000 0.000000 57.500000 0.000000
-1.332221 -1.491706 -20.000000 0.000000 0.000000 5.554204 1.118780 -0.999166 0.000000 0.000000 0.000000 0.000000 0.000000 0.000000 57.500000 0.000000
-1.275358 -1.540604 -20.000000 0.000000 0.000000 5.591704 1.155453 -0.956519 0.000000 0.000000 0.000000 0.000000 0.000000 0.000000 57.500000 0.000000
-1.216703 -1.587336 -20.000000 0.000000 0.000000 5.629204 1.190502 -0.912527 0.000000 0.000000 0.000000 0.000000 0.000000 0.000000 57.500000 0.000000
-1.156336 -1.631835 -20.000000 0.000000 0.000000 5.666704 1.223877 -0.867252 0.000000 0.000000 0.000000 0.000000 0.000000 0.000000 57.500000 0.000000
-1.094344 -1.674041 -20.000000 0.000000 0.000000 5.704204 1.255530 -0.820758 0.000000 0.000000 0.000000 0.000000 0.000000 0.000000 57.500000 0.000000
-1.030812 -1.713892 -20.000000 0.000000 0.000000 5.741704 1.285419 -0.773109 0.000000 0.000000 0.000000 0.000000 0.000000 0.000000 57.500000 0.000000
-0.965832 -1.751333 -20.000000 0.000000 0.000000 5.779204 1.313500 -0.724374 0.000000 0.000000 0.000000 0.000000 0.000000 0.000000 57.500000 0.000000
-0.899493 -1.786312 -20.000000 0.000000 0.000000 5.816704 1.339734 -0.674620 0.000000 0.000000 0.000000 0.000000 0.000000 0.000000 57.500000 0.000000
-0.831890 -1.818780 -20.000000 0.000000 0.000000 5.854204 1.364085 -0.623917 0.000000 0.000000 0.000000 0.000000 0.000000 0.000000 57.500000 0.000000
-0.763117 -1.848689 -20.000000 0.000000 0.000000 5.891704 1.386517 -0.572338 0.000000 0.000000 0.000000 0.000000 0.000000 0.000000 57.500000 0.000000
-0.693271 -1.876000 -20.000000 0.000000 0.000000 5.929204 1.407000 -0.519953 0.000000 0.000000 0.000000 0.000000 0.000000 0.000000 57.500000 0.000000
-0.622450 -1.900673 -20.000000 0.000000 0.000000 5.966704 1.425504 -0.466837 0.000000 0.000000 0.000000 0.000000 0.000000 0.000000 57.500000 0.000000
-0.550754 -1.922673 -20.000000 0.000000 0.000000 6.004204 1.442005 -0.413065 0.000000 0.000000 0.000000 0.000000 0.000000 0.000000 57.500000 0.000000
-0.478283 -1.941969 -20.000000 0.000000 0.000000 6.041704 1.456477 -0.358712 0.000000 0.000000 0.000000 0.000000 0.000000 0.000000 57.500000 0.000000
-0.405140 -1.958536 -20.000000 0.000000 0.000000 6.079204 1.468902 -0.303855 0.000000 0.000000 0.000000 0.000000 0.000000 0.000000 57.500000 0.000000
-0.331427 -1.972348 -20.000000 0.000000 0.000000 6.116704 1.479261 -0.248570 0.000000 0.000000 0.000000 0.000000 0.000000 0.000000 57.500000 0.000000
-0.257249 -1.983387 -20.000000 0.000000 0.000000 6.154204 1.487540 -0.192936 0.000000 0.000000 0.000000 0.000000 0.000000 0.000000 57.500000 0.000000
-0.182708 -1.991637 -20.000000 0.000000 0.000000 6.191704 1.493728 -0.137031 0.000000 0.000000 0.000000 0.000000 0.000000 0.000000 57.500000 0.000000
-0.107911 -1.997087 -20.000000 0.000000 0.000000 6.229204 1.497815 -0.080933 0.000000 0.000000 0.000000 0.000000 0.000000 0.000000 57.500000 0.000000
-0.032962 -1.999728 -20.000000 0.000000 0.000000 6.266704 1.499796 -0.024721 0.000000 0.000000 0.000000 0.000000 0.000000 0.000000 57.500000 0.000000
0.042034 -1.999558 -20.000000 0.000000 0.000000 6.304204 1.499669 0.031525 0.000000 0.000000 0.000000 0.000000 0.000000 0.000000 57.500000 0.000000
0.116970 -1.996577 -20.000000 0.000000 0.000000 6.341704 1.497432 0.087727 0.000000 0.000000 0.000000 0.000000 0.000000 0.000000 57.500000 0.000000
0.191742 -1.990788 -20.000000 0.000000 0.000000 6.379204 1.493091 0.143806 0.000000 0.000000 0.000000 0.000000 0.000000 0.000000 57.500000 0.000000
0.266244 -1.982199 -20.000000 0.000000 0.000000 6.416704 1.486649 0.199683 0.000000 0.000000 0.000000 0.000000 0.000000 0.000000 57.500000 0.000000
0.340372 -1.970824 -20.000000 0.000000 0.000000 6.454204 1.478118 0.255279 0.000000 0.000000 0.000000 0.000000 0.000000 0.000000 57.500000 0.000000
0.414021 -1.956677 -20.000000 0.000000 0.000000 6.491704 1.467508 0.310516 0.000000 0.000000 0.000000 0.000000 0.000000 0.000000 57.500000 0.000000
0.487088 -1.939780 -20.000000 0.000000 0.000000 6.529204 1.454835 0.365316 0.000000 0.000000 0.000000 0.000000 0.000000 0.000000 57.500000 0.000000
0.559471 -1.920154 -20.000000 0.000000 0.000000 6.566704 1.440116 0.419603 0.000000 0.000000 0.000000 0.000000 0.000000 0.000000 57.500000 0.000000
0.631066 -1.897829 -20.000000 0.000000 0.000000 6.604204 1.423372 0.473300 0.000000 0.000000 0.000000 0.000000 0.000000 0.000000 57.500000 0.000000
0.701774 -1.872835 -20.000000 0.000000 0.000000 6.641704 1.404627 0.526331 0.000000 0.000000 0.000000 0.000000 0.000000 0.000000 57.500000 0.000000
0.771496 -1.845208 -20.000000 0.000000 0.000000 6.679204 1.383906 0.578622 0.000000 0.000000 0.000000 0.000000 0.000000 0.000000 57.500000 0.000000
0.840133 -1.814987 -20.000000 0.000000 0.000000 6.716704 1.361240 0.630099 0.000000 0.000000 0.000000 0.000000 0.000000 0.000000 57.500000 0.000000
0.907588 -1.782213 -20.000000 0.000000 0.000000 6.754204 1.336660 0.680691 0.000000 0.000000 0.000000 0.000000 0.000000 0.000000 57.500000 0.000000
0.973767 -1.746934 -20.000000 0.000000 0.000000 6.791704 1.310200 0.730325 0.000000 0.000000 0.000000 0.000000 0.000000 0.000000 57.500000 0.000000
1.038577 -1.709198 -20.000000 0.000000 0.000000 6.829204 1.281898 0.778933 0.000000 0.000000 0.000000 0.000000 0.000000 0.000000 57.500000 0.000000
1.101927 -1.669059 -20.000000 0.000000 0.000000 6.866704 1.251794 0.826445 0.000000 0.000000 0.000000 0.000000 0.000000 0.000000 57.500000 0.000000
1.163727 -1.626573 -20.000000 0.000000 0.000000 6.904204 1.219929 0.872796 0.000000 0.000000 0.000000 0.000000 0.000000 0.000000 57.500000 0.000000
1.223891 -1.581800 -20.000000 0.000000 0.000000 6.941704 1.186350 0.917919 0.000000 0.000000 0.000000 0.000000 0.000000 0.000000 57.500000 0.000000
1.282335 -1.534802 -20.000000 0.000000 0.000000 6.979204 1.151102 0.961751 0.000000 0.000000 0.000000 0.000000 0.000000 0.000000 57.500000 0.000000
1.338975 -1.485647 -20.000000 0.000000 0.000000 7.016704 1.114235 1.004231 0.000000 0.000000 0.000000 0.000000 0.000000 0.000000 57.500000 0.000000
1.393732 -1.434403 -20.000000 0.000000 0.000000 7.054204 1.075802 1.045299 0.000000 0.000000 0.000000 0.000000 0.000000 0.000000 57.500000 0.000000
1.446530 -1.381142 -20.000000 0.000000 0.000000 7.091704 1.035856 1.084897 0.000000 0.000000 0.000000 0.000000 0.000000 0.000000 57.500000 0.000000
1.497293 -1.325938 -20.000000 0.000000 0.000000 7.129204 0.994454 1.122970 0.000000 0.000000 0.000000 0.000000 0.000000 0.000000 57.500000 0.000000
1.545952 -1.268871 -20.000000 0.000000 0.000000 7.166704 0.951653 1.159464 0.000000 0.000000 0.000000 0.000000 0.000000 0.000000 57.500000 0.000000
1.592436 -1.210019 -20.000000 0.000000 0.000000 7.204204 0.907514 1.194327 0.000000 0.000000 0.000000 0.000000 0.000000 0.000000 57.500000 0.000000
1.636682 -1.149466 -20.000000 0.000000 0.000000 7.241704 0.862100 1.227511 0.000000 0.000000 0.000000 0.000000 0.000000 0.000000 57.500000 0.000000
1.678626 -1.087297 -20.000000 0.000000 0.000000 7.279204 0.815473 1.258970 0.000000 0.000000 0.000000 0.000000 0.000000 0.000000 57.500000 0.000000
1.718210 -1.023599 -20.000000 0.000000 0.000000 7.316704 0.767699 1.288658 0.000000 0.000000 0.000000 0.000000 0.000000 0.000000 57.500000 0.000000
1.755378 -0.958461 -20.000000 0.000000 0.000000 7.354204 0.718846 1.316533 0.000000 0.000000 0.000000 0.000000 0.000000 0.000000 57.500000 0.000000
1.790078 -0.891976 -20.000000 0.000000 0.000000 7.391704 0.668982 1.342558 0.000000 0.000000 0.000000 0.000000 0.000000 0.000000 57.500000 0.000000
1.822261 -0.824237 -20.000000 0.000000 0.000000 7.429204 0.618178 1.366695 0.000000 0.000000 0.000000 0.000000 0.000000 0.000000 57.500000 0.000000
1.851881 -0.755339 -20.000000 0.000000 0.000000 7.466704 0.566504 1.388911 0.000000 0.000000 0.000000 0.000000 0.000000 0.000000 57.500000 0.000000
1.878898 -0.685378 -20.000000 0.000000 0.000000 7.504204 0.514034 1.409173 0.000000 0.000000 0.000000 0.000000 0.000000 0.000000 57.500000 0.000000
1.903272 -0.614454 -20.000000 0.000000 0.000000 7.541704 0.460841 1.427454 0.000000 0.000000 0.000000 0.000000 0.000000 0.000000 57.500000 0.000000
1.924971 -0.542666 -20.000000 0.000000 0.000000 7.579204 0.407000 1.443728 0.000000 0.000000 0.000000 0.000000 0.000000 0.000000 57.500000 0.000000
1.943963 -0.470115 -20.000000 0.000000 0.000000 7.616704 0.352587 1.457972 0.000000 0.000000 0.000000 0.000000 0.000000 0.000000 57.500000 0.000000
1.960221 -0.396903 -20.000000 0.000000 0.000000 7.654204 0.297678 1.470166 0.000000 0.000000 0.000000 0.000000 0.000000 0.000000 57.500000 0.000000
1.973724 -0.323133 -20.000000 0.000000 0.000000 7.691704 0.242350 1.480293 0.000000 0.000000 0.000000 0.000000 0.000000 0.000000 57.500000 0.000000
1.984451 -0.248909 -20.000000 0.000000 0.000000 7.729204 0.186682 1.488338 0.000000 0.000000 0.000000 0.000000 0.000000 0.000000 57.500000 0.000000
1.992387 -0.174334 -20.000000 0.000000 0.000000 7.766704 0.130751 1.494291 0.000000 0.000000 0.000000 0.000000 0.000000 0.000000 57.500000 0.000000
1.997523 -0.099515 -20.000000 0.000000 0.000000 7.804204 0.074636 1.498142 0.000000 0.000000 0.000000 0.000000 0.000000 0.000000 57.500000 0.000000
1.999849 -0.024555 -20.000000 0.000000 0.000000 7.841704 0.018416 1.499887 0.000000 0.000000 0.000000 0.000000 0.000000 0.000000 57.500000 0.000000
1.999364 0.050439 -20.000000 0.000000 0.000000 7.879204 -0.037829 1.499523 0.000000 0.000000 0.000000 0.000000 0.000000 0.000000 57.500000 0.000000
1.996067 0.125362 -20.000000 0.000000 0.000000 7.916704 -0.094021 1.497050 0.000000 0.000000 0.000000 0.000000 0.000000 0.000000 57.500000 0.000000
1.989964 0.200109 -20.000000 0.000000 0.000000 7.954204 -0.150082 1.492473 0.000000 0.000000 0.000000 0.000000 0.000000 0.000000 57.500000 0.000000
1.981063 0.274574 -20.000000 0.000000 0.000000 7.991704 -0.205931 1.485797 0.000000 0.000000 0.000000 0.000000 0.000000 0.000000 57.500000 0.000000
1.969376 0.348654 -20.000000 0.000000 0.000000 8.029204 -0.261490 1.477032 0.000000 0.000000 0.000000 0.000000 0.000000 0.000000 57.500000 0.000000
1.954920 0.422243 -20.000000 0.000000 0.000000 8.066704 -0.316682 1.466190 0.000000 0.000000 0.000000 0.000000 0.000000 0.000000 57.500000 0.000000
1.937715 0.495238 -20.000000 0.000000 0.000000 8.104204 -0.371429 1.453286 0.000000 0.000000 0.000000 0.000000 0.000000 0.000000 57.500000 0.000000
1.917786 0.567537 -20.000000 0.000000 0.000000 8.141704 -0.425653 1.438339 0.000000 0.000000 0.000000 0.000000 0.000000 0.000000 57.500000 0.000000
1.895160 0.639038 -20.000000 0.000000 0.000000 8.179204 -0.479279 1.421370 0.000000 0.000000 0.000000 0.000000 0.000000 0.000000 57.500000 0.000000
1.869869 0.709641 -20.000000 0.000000 0.000000 8.216704 -0.532231 1.402402 0.000000 0.000000 0.000000 0.000000 0.000000 0.000000 57.500000 0.000000
1.841949 0.779246 -20.000000 0.000000 0.000000 8.254204 -0.584434 1.381462 0.000000 0.000000 0.000000 0.000000 0.000000 0.000000 57.500000 0.000000
1.811439 0.847755 -20.000000 0.000000 0.000000 8.291704 -0.635816 1.358579 0.000000 0.000000 0.000000 0.000000 0.000000 0.000000 57.500000 0.000000
1.778382 0.915072 -20.000000 0.000000 0.000000 8.329204 -0.686304 1.333787 0.000000 0.000000 0.000000 0.000000 0.000000 0.000000 57.500000 0.000000
1.742825 0.981102 -20.000000 0.000000 0.000000 8.366704 -0.735827 1.307119 0.000000 0.000000 0.000000 0.000000 0.000000 0.000000 57.500000 0.000000
1.704817 1.045753 -20.000000 0.000000 0.000000 8.404204 -0.784315 1.278613 0.000000 0.000000 0.000000 0.000000 0.000000 0.000000 57.500000 0.000000
1.664412 1.108933 -20.000000 0.000000 0.000000 8.441704 -0.831700 1.248309 0.000000 0.000000 0.000000 0.000000 0.000000 0.000000 57.500000 0.000000
1.621666 1.170555 -20.000000 0.000000 0.000000 8.479204 -0.877916 1.216250 0.000000 0.000000 0.000000 0.000000 0.000000 0.000000 57.500000 0.000000
1.576641 1.230530 -20.000000 0.000000 0.000000 8.516704 -0.922897 1.182481 0.000000 0.000000 0.000000 0.000000 0.000000 0.000000 57.500000 0.000000
1.529398 1.288775 -20.000000 0.000000 0.000000 8.554204 -0.966581 1.147049 0.000000 0.000000 0.000000 0.000000 0.000000 0.000000 57.500000 0.000000
1.480005 1.345208 -20.000000 0.000000 0.000000 8.591704 -1.008906 1.110004 0.000000 0.000000 0.000000 0.000000 0.000000 0.000000 57.500000 0.000000
1.428531 1.399749 -20.000000 0.000000 0.000000 8.629204 -1.049812 1.071398 0.000000 0.000000 0.000000 0.000000 0.000000 0.000000 57.500000 0.000000
1.375049 1.452323 -20.000000 0.000000 0.000000 8.666704 -1.089242 1.031287 0.000000 0.000000 0.000000 0.000000 0.000000 0.000000 57.500000 0.000000
1.319633 1.502854 -20.000000 0.000000 0.000000 8.704204 -1.127140 0.989724 0.000000 0.000000 0.000000 0.000000 0.000000 0.000000 57.500000 0.000000
1.262361 1.551272 -20.000000 0.000000 0.000000 8.741704 -1.163454 0.946771 0.000000 0.000000 0.000000 0.000000 0.000000 0.000000 57.500000 0.000000
1.203315 1.597509 -20.000000 0.000000 0.000000 8.779204 -1.198132 0.902486 0.000000 0.000000 0.000000 0.000000 0.000000 0.000000 57.500000 0.000000
1.142576 1.641499 -20.000000 0.000000 0.000000 8.816704 -1.231125 0.856932 0.000000 0.000000 0.000000 0.000000 0.000000 0.000000 57.500000 0.000000
1.080231 1.683182 -20.000000 0.000000 0.000000 8.854204 -1.262386 0.810173 0.000000 0.000000 0.000000 0.000000 0.000000 0.000000 57.500000 0.000000
1.016367 1.722498 -20.000000 0.000000 0.000000 8.891704 -1.291873 0.762275 0.000000 0.000000 0.000000 0.000000 0.000000 0.000000 57.500000 0.000000
0.951074 1.759392 -20.000000 0.000000 0.000000 8.929204 -1.319544 0.713305 0.000000 0.000000 0.000000 0.000000 0.000000 0.000000 57.500000 0.000000
0.884443 1.793812 -20.000000 0.000000 0.000000 8.966704 -1.345359 0.663333 0.000000 0.000000 0.000000 0.000000 0.000000 0.000000 57.500000 0.000000
0.816570 1.825709 -20.000000 0.000000 0.000000 9.004204 -1.369282 0.612427 0.000000 0.000000 0.000000 0.000000 0.000000 0.000000 57.500000 0.000000
0.747547 1.855040 -20.000000 0.000000 0.000000 9.041704 -1.391280 0.560661 0.000000 0.000000 0.000000 0.000000 0.000000 0.000000 57.500000 0.000000
0.677474 1.881762 -20.000000 0.000000 0.000000 9.079204 -1.411322 0.508106 0.000000 0.000000 0.000000 0.000000 0.000000 0.000000 57.500000 0.000000
0.606448 1.905839 -20.000000 0.000000 0.000000 9.116704 -1.429379 0.454836 0.000000 0.000000 0.000000 0.000000 0.000000 0.000000 57.500000 0.000000
0.534570 1.927235 -20.000000 0.000000 0.000000 9.154204 -1.445426 0.400927 0.000000 0.000000 0.000000 0.000000 0.000000 0.000000 57.500000 0.000000
0.461940 1.945922 -20.000000 0.000000 0.000000 9.191704 -1.459441 0.346455 0.000000 0.000000 0.000000 0.000000 0.000000 0.000000 57.500000 0.000000
0.388660 1.961872 -20.000000 0.000000 0.000000 9.229204 -1.471404 0.291495 0.000000 0.000000 0.000000 0.000000 0.000000 0.000000 57.500000 0.000000
0.314834 1.975065 -20.000000 0.000000 0.000000 9.266704 -1.481298 0.236125 0.000000 0.000000 0.000000 0.000000 0.000000 0.000000 57.500000 0.000000
0.240565 1.985479 -20.000000 0.000000 0.000000 9.304204 -1.489110 0.180424 0.000000 0.000000 0.000000 0.000000 0.000000 0.000000 57.500000 0.000000
0.165958 1.993103 -20.000000 0.000000 0.000000 9.341704 -1.494827 0.124468 0.000000 0.000000 0.000000 0.000000 0.000000 0.000000 57.500000 0.000000
0.091117 1.997923 -20.000000 0.000000 0.000000 9.379204 -1.498443 0.068338 0.000000 0.000000 0.000000 0.000000 0.000000 0.000000 57.500000 0.000000
0.016148 1.999935 -20.000000 0.000000 0.000000 9.416704 -1.499951 0.012111 0.000000 0.000000 0.000000 0.000000 0.000000 0.000000 57.500000 0.000000
-0.058843 1.999134 -20.000000 0.000000 0.000000 9.454204 -1.499351 -0.044132 0.000000 0.000000 0.000000 0.000000 0.000000 0.000000 57.500000 0.000000
-0.133752 1.995523 -20.000000 0.000000 0.000000 9.491704 -1.496642 -0.100314 0.000000 0.000000 0.000000 0.000000 0.000000 0.000000 57.500000 0.000000
-0.208472 1.989105 -20.000000 0.000000 0.000000 9.529204 -1.491829 -0.156354 0.000000 0.000000 0.000000 0.000000 0.000000 0.000000 57.500000 0.000000
-0.282899 1.979891 -20.000000 0.000000 0.000000 9.566704 -1.484918 -0.212175 0.000000 0.000000 0.000000 0.000000 0.000000 0.000000 57.500000 0.000000
-0.356929 1.967893 -20.000000 0.000000 0.000000 9.604204 -1.475920 -0.267697 0.000000 0.000000 0.000000 0.000000 0.000000 0.000000 57.500000 0.000000
-0.430457 1.953127 -20.000000 0.000000 0.000000 9.641704 -1.464846 -0.322843 0.000000 0.000000 0.000000 0.000000 0.000000 0.000000 57.500000 0.000000
-0.503379 1.935616 -20.000000 0.000000 0.000000 9.679204 -1.451712 -0.377534 0.000000 0.000000 0.000000 0.000000 0.000000 0.000000 57.500000 0.000000
-0.575594 1.915383 -20.000000 0.000000 0.000000 9.716704 -1.436537 -0.431695 0.000000 0.000000 0.000000 0.000000 0.000000 0.000000 57.500000 0.000000
-0.646999 1.892457 -20.000000 0.000000 0.000000 9.754204 -1.419342 -0.485250 0.000000 0.000000 0.000000 0.000000 0.000000 0.000000 57.500000 0.000000
-0.717495 1.866869 -20.000000 0.000000 0.000000 9.791704 -1.400152 -0.538121 0.000000 0.000000 0.000000 0.000000 0.000000 0.000000 57.500000 0.000000
-0.786982 1.838657 -20.000000 0.000000 0.000000 9.829204 -1.378993 -0.590236 0.000000 0.000000 0.000000 0.000000 0.000000 0.000000 57.500000 0.000000
-0.855362 1.807859 -20.000000 0.000000 0.000000 9.866704 -1.355895 -0.641521 0.000000 0.000000 0.000000 0.000000 0.000000 0.000000 57.500000 0.000000
-0.922539 1.774520 -20.000000 0.000000 0.000000 9.904204 -1.330890 -0.691905 0.000000 0.000000 0.000000 0.000000 0.000000 0.000000 57.500000 0.000000
-0.988420 1.738685 -20.000000 0.000000 0.000000 9.941704 -1.304014 -0.741315 0.000000 0.000000 0.000000 0.000000 0.000000 0.000000 57.500000 0.000000
-1.052910 1.700406 -20.000000 0.000000 0.000000 9.979204 -1.275304 -0.789683 0.000000 0.000000 0.000000 0.000000 0.000000 0.000000 57.500000 0.000000
-1.115920 1.659735 -20.000000 0.000000 0.000000 10.016704 -1.244802 -0.836940 0.000000 0.000000 0.000000 0.000000 0.000000 0.000000 57.500000 0.000000
-1.177361 1.616731 -20.000000 0.000000 0.000000 10.054204 -1.212549 -0.883021 0.000000 0.000000 0.000000 0.000000 0.000000 0.000000 57.500000 0.000000
-1.237147 1.571454 -20.000000 0.000000 0.000000 10.091704 -1.178591 -0.927860 0.000000 0.000000 0.000000 0.000000 0.000000 0.000000 57.500000 0.000000
-1.295193 1.523967 -20.000000 0.000000 0.000000 10.129204 -1.142975 -0.971395 0.000000 0.000000 0.000000 0.000000 0.000000 0.000000 57.500000 0.000000
-1.351417 1.474337 -20.000000 0.000000 0.000000 10.166704 -1.105753 -1.013563 0.000000 0.000000 0.000000 0.000000 0.000000 0.000000 57.500000 0.000000
-1.405742 1.422635 -20.000000 0.000000 0.000000 10.204204 -1.066976 -1.054307 0.000000 0.000000 0.000000 0.000000 0.000000 0.000000 57.500000 0.000000
-1.458090 1.368931 -20.000000 0.000000 0.000000 10.241704 -1.026699 -1.093568 0.000000 0.000000 0.000000 0.000000 0.000000 0.000000 57.500000 0.000000
-1.508388 1.313303 -20.000000 0.000000 0.000000 10.279204 -0.984978 -1.131291 0.000000 0.000000 0.000000 0.000000 0.000000 0.000000 57.500000 0.000000
-1.556565 1.255829 -20.000000 0.000000 0.000000 10.316704 -0.941872 -1.167424 0.000000 0.000000 0.000000 0.000000 0.000000 0.000000 57.500000 0.000000
-1.602553 1.196588 -20.000000 0.000000 0.000000 10.354204 -0.897441 -1.201915 0.000000 0.000000 0.000000 0.000000 0.000000 0.000000 57.500000 0.000000
-1.646288 1.135666 -20.000000 0.000000 0.000000 10.391704 -0.851749 -1.234716 0.000000 0.000000 0.000000 0.000000 0.000000 0.000000 57.500000 0.000000
-1.687708 1.073146 -20.000000 0.000000 0.000000 10.429204 -0.804859 -1.265781 0.000000 0.000000 0.000000 0.000000 0.000000 0.000000 57.500000 0.000000
-1.726755 1.009117 -20.000000 0.000000 0.000000 10.466704 -0.756838 -1.295066 0.000000 0.000000 0.000000 0.000000 0.000000 0.000000 57.500000 0.000000
-1.763374 0.943670 -20.000000 0.000000 0.000000 10.504204 -0.707752 -1.322530 0.000000 0.000000 0.000000 0.000000 0.000000 0.000000 57.500000 0.000000
-1.797514 0.876895 -20.000000 0.000000 0.000000 10.541704 -0.657671 -1.348135 0.000000 0.000000 0.000000 0.000000 0.000000 0.000000 57.500000 0.000000
-1.829126 0.808888 -20.000000 0.000000 0.000000 10.579204 -0.606666 -1.371844 0.000000 0.000000 0.000000 0.000000 0.000000 0.000000 57.500000 0.000000
-1.858166 0.739743 -20.000000 0.000000 0.000000 10.616704 -0.554807 -1.393624 0.000000 0.000000 0.000000 0.000000 0.000000 0.000000 57.500000 0.000000
-1.884593 0.669558 -20.000000 0.000000 0.000000 10.654204 -0.502168 -1.413445 0.000000 0.000000 0.000000 0.000000 0.000000 0.000000 57.500000 0.000000
-1.908371 0.598431 -20.000000 0.000000 0.000000 10.691704 -0.448824 -1.431278 0.000000 0.000000 0.000000 0.000000 0.000000 0.000000 57.500000 0.000000
-1.929465 0.526464 -20.000000 0.000000 0.000000 10.729204 -0.394848 -1.447099 0.000000 0.000000 0.000000 0.000000 0.000000 0.000000 57.500000 0.000000
-1.947846 0.453755 -20.000000 0.000000 0.000000 10.766704 -0.340317 -1.460885 0.000000 0.000000 0.000000 0.000000 0.000000 0.000000 57.500000 0.000000
-1.963489 0.380409 -20.000000 0.000000 0.000000 10.804204 -0.285307 -1.472617 0.000000 0.000000 0.000000 0.000000 0.000000 0.000000 57.500000 0.000000
-1.976371 0.306528 -20.000000 0.000000 0.000000 10.841704 -0.229896 -1.482278 0.000000 0.000000 0.000000 0.000000 0.000000 0.000000 57.500000 0.000000
-1.986473 0.232216 -20.000000 0.000000 0.000000 10.879204 -0.174162 -1.489855 0.000000 0.000000 0.000000 0.000000 0.000000 0.000000 57.500000 0.000000
-1.993783 0.157578 -20.000000 0.000000 0.000000 10.916704 -0.118183 -1.495337 0.000000 0.000000 0.000000 0.000000 0.000000 0.000000 57.500000 0.000000
-1.998289 0.082718 -20.000000 0.000000 0.000000 10.954204 -0.062038 -1.498717 0.000000 0.000000 0.000000 0.000000 0.000000 0.000000 57.500000 0.000000
-1.999985 0.007741 -20.000000 0.000000 0.000000 10.991704 -0.005806 -1.499989 0.000000 0.000000 0.000000 0.000000 0.000000 0.000000 57.500000 0.000000
-1.998869 -0.067246 -20.000000 0.000000 0.000000 11.029204 0.050435 -1.499152 0.000000 0.000000 0.000000 0.000000 0.000000 0.000000 57.500000 0.000000
-1.994943 -0.142139 -20.000000 0.000000 0.000000 11.066704 0.106604 -1.496207 0.000000 0.000000 0.000000 0.000000 0.000000 0.000000 57.500000 0.000000
-1.988211 -0.216832 -20.000000 0.000000 0.000000 11.104204 0.162624 -1.491158 0.000000 0.000000 0.000000 0.000000 0.000000 0.000000 57.500000 0.000000
-1.978684 -0.291220 -20.000000 0.000000 0.000000 11.141704 0.218415 -1.484013 0.000000 0.000000 0.000000 0.000000 0.000000 0.000000 57.500000 0.000000
-1.966375 -0.365198 -20.000000 0.000000 0.000000 11.179204 0.273899 -1.474781 0.000000 0.000000 0.000000 0.000000 0.000000 0.000000 57.500000 0.000000
-1.951301 -0.438663 -20.000000 0.000000 0.000000 11.216704 0.328997 -1.463476 0.000000 0.000000 0.000000 0.000000 0.000000 0.000000 57.500000 0.000000
-1.933483 -0.511512 -20.000000 0.000000 0.000000 11.254204 0.383634 -1.450112 0.000000 0.000000 0.000000 0.000000 0.000000 0.000000 57.500000 0.000000
-1.912946 -0.583641 -20.000000 0.000000 0.000000 11.291704 0.437730 -1.434710 0.000000 0.000000 0.000000 0.000000 0.000000 0.000000 57.500000 0.000000
-1.889720 -0.654949 -20.000000 0.000000 0.000000 11.329204 0.491212 -1.417290 0.000000 0.000000 0.000000 0.000000 0.000000 0.000000 57.500000 0.000000
-1.863837 -0.725336 -20.000000 0.000000 0.000000 11.366704 0.544002 -1.397878 0.000000 0.000000 0.000000 0.000000 0.000000 0.000000 57.500000 0.000000
-1.835333 -0.794704 -20.000000 0.000000 0.000000 11.404204 0.596028 -1.376499 0.000000 0.000000 0.000000 0.000000 0.000000 0.000000 57.500000 0.000000
-1.804248 -0.862954 -20.000000 0.000000 0.000000 11.441704 0.647216 -1.353186 0.000000 0.000000 0.000000 0.000000 0.000000 0.000000 57.500000 0.000000
-1.770626 -0.929991 -20.000000 0.000000 0.000000 11.479204 0.697493 -1.327970 0.000000 0.000000 0.000000 0.000000 0.000000 0.000000 57.500000 0.000000
-1.734515 -0.995720 -20.000000 0.000000 0.000000 11.516704 0.746790 -1.300886 0.000000 0.000000 0.000000 0.000000 0.000000 0.000000 57.500000 0.000000
-1.695965 -1.060049 -20.000000 0.000000 0.000000 11.554204 0.795037 -1.271974 0.000000 0.000000 0.000000 0.000000 0.000000 0.000000 57.500000 0.000000
-1.655030 -1.122887 -20.000000 0.000000 0.000000 11.591704 0.842166 -1.241272 0.000000 0.000000 0.000000 0.000000 0.000000 0.000000 57.500000 0.000000
-1.611768 -1.184147 -20.000000 0.000000 0.000000 11.629204 0.888110 -1.208826 0.000000 0.000000 0.000000 0.000000 0.000000 0.000000 57.500000 0.000000
-1.566240 -1.243742 -20.000000 0.000000 0.000000 11.666704 0.932806 -1.174680 0.000000 0.000000 0.000000 0.000000 0.000000 0.000000 57.500000 0.000000
-1.518509 -1.301587 -20.000000 0.000000 0.000000 11.704204 0.976191 -1.138882 0.000000 0.000000 0.000000 0.000000 0.000000 0.000000 57.500000 0.000000
-1.468643 -1.357603 -20.000000 0.000000 0.000000 11.741704 1.018202 -1.101483 0.000000 0.000000 0.000000 0.000000 0.000000 0.000000 57.500000 0.000000
-1.416713 -1.411710 -20.000000 0.000000 0.000000 11.779204 1.058782 -1.062535 0.000000 0.000000 0.000000 0.000000 0.000000 0.000000 57.500000 0.000000
-1.362790 -1.463832 -20.000000 0.000000 0.000000 11.816704 1.097874 -1.022093 0.000000 0.000000 0.000000 0.000000 0.000000 0.000000 57.500000 0.000000
-1.306951 -1.513895 -20.000000 0.000000 0.000000 11.854204 1.135421 -0.980213 0.000000 0.000000 0.000000 0.000000 0.000000 0.000000 57.500000 0.000000
-1.249275 -1.561830 -20.000000 0.000000 0.000000 11.891704 1.171373 -0.936956 0.000000 0.000000 0.000000 0.000000 0.000000 0.000000 57.500000 0.000000
-1.189841 -1.607569 -20.000000 0.000000 0.000000 11.929204 1.205677 -0.892381 0.000000 0.000000 0.000000 0.000000 0.000000 0.000000 57.500000 0.000000
-1.128735 -1.651047 -20.000000 0.000000 0.000000 11.966704 1.238285 -0.846551 0.000000 0.000000 0.000000 0.000000 0.000000 0.000000 57.500000 0.000000
-1.066042 -1.692204 -20.000000 0.000000 0.000000 12.004204 1.269153 -0.799531 0.000000 0.000000 0.000000 0.000000 0.000000 0.000000 57.500000 0.000000
-1.001850 -1.730982 -20.000000 0.000000 0.000000 12.041704 1.298236 -0.751387 0.000000 0.000000 0.000000 0.000000 0.000000 0.000000 57.500000 0.000000
-0.936249 -1.767325 -20.000000 0.000000 0.000000 12.079204 1.325494 -0.702186 0.000000 0.000000 0.000000 0.000000 0.000000 0.000000 57.500000 0.000000
-0.869331 -1.801184 -20.000000 0.000000 0.000000 12.116704 1.350888 -0.651998 0.000000 0.000000 0.000000 0.000000 0.000000 0.000000 57.500000 0.000000
-0.801191 -1.832510 -20.000000 0.000000 0.000000 12.154204 1.374382 -0.600894 0.000000 0.000000 0.000000 0.000000 0.000000 0.000000 57.500000 0.000000
-0.731925 -1.861259 -20.000000 0.000000 0.000000 12.191704 1.395944 -0.548944 0.000000 0.000000 0.000000 0.000000 0.000000 0.000000 57.500000 0.000000
-0.661630 -1.887391 -20.000000 0.000000 0.000000 12.229204 1.415544 -0.496222 0.000000 0.000000 0.000000 0.000000 0.000000 0.000000 57.500000 0.000000
-0.590404 -1.910870 -20.000000 0.000000 0.000000 12.266704 1.433152 -0.442803 0.000000 0.000000 0.000000 0.000000 0.000000 0.000000 57.500000 0.000000
-0.518348 -1.931661 -20.000000 0.000000 0.000000 12.304204 1.448746 -0.388761 0.000000 0.000000 0.000000 0.000000 0.000000 0.000000 57.500000 0.000000
-0.445563 -1.949737 -20.000000 0.000000 0.000000 12.341704 1.462303 -0.334173 0.000000 0.000000 0.000000 0.000000 0.000000 0.000000 57.500000 0.000000
-0.372152 -1.965071 -20.000000 0.000000 0.000000 12.379204 1.473803 -0.279114 0.000000 0.000000 0.000000 0.000000 0.000000 0.000000 57.500000 0.000000
-0.298218 -1.977642 -20.000000 0.000000 0.000000 12.416704 1.483231 -0.223663 0.000000 0.000000 0.000000 0.000000 0.000000 0.000000 57.500000 0.000000
-0.223864 -1.987432 -20.000000 0.000000 0.000000 12.454204 1.490574 -0.167898 0.000000 0.000000 0.000000 0.000000 0.000000 0.000000 57.500000 0.000000
-0.149195 -1.994427 -20.000000 0.000000 0.000000 12.491704 1.495821 -0.111896 0.000000 0.000000 0.000000 0.000000 0.000000 0.000000 57.500000 0.000000
-0.074317 -1.998619 -20.000000 0.000000 0.000000 12.529204 1.498964 -0.055738 0.000000 0.000000 0.000000 0.000000 0.000000 0.000000 57.500000 0.000000
0.000666 -2.000000 -20.000000 0.000000 0.000000 12.566704 1.500000 0.000500 0.000000 0.000000 0.000000 0.000000 0.000000 0.000000 57.500000 0.000000
0.075648 -1.998569 -20.000000 0.000000 0.000000 12.604204 1.498927 0.056736 0.000000 0.000000 0.000000 0.000000 0.000000 0.000000 57.500000 0.000000
0.150524 -1.994328 -20.000000 0.000000 0.000000 12.641704 1.495746 0.112893 0.000000 0.000000 0.000000 0.000000 0.000000 0.000000 57.500000 0.000000
0.225188 -1.987282 -20.000000 0.000000 0.000000 12.679204 1.490462 0.168891 0.000000 0.000000 0.000000 0.000000 0.000000 0.000000 57.500000 0.000000
0.299535 -1.977443 -20.000000 0.000000 0.000000 12.716704 1.483082 0.224651 0.000000 0.000000 0.000000 0.000000 0.000000 0.000000 57.500000 0.000000
0.373461 -1.964822 -20.000000 0.000000 0.000000 12.754204 1.473617 0.280096 0.000000 0.000000 0.000000 0.000000 0.000000 0.000000 57.500000 0.000000
0.446862 -1.949439 -20.000000 0.000000 0.000000 12.791704 1.462080 0.335147 0.000000 0.000000 0.000000 0.000000 0.000000 0.000000 57.500000 0.000000
0.519635 -1.931316 -20.000000 0.000000 0.000000 12.829204 1.448487 0.389726 0.000000 0.000000 0.000000 0.000000 0.000000 0.000000 57.500000 0.000000
0.591677 -1.910476 -20.000000 0.000000 0.000000 12.866704 1.432857 0.443758 0.000000 0.000000 0.000000 0.000000 0.000000 0.000000 57.500000 0.000000
0.662887 -1.886950 -20.000000 0.000000 0.000000 12.904204 1.415213 0.497165 0.000000 0.000000 0.000000 0.000000 0.000000 0.000000 57.500000 0.000000
0.733165 -1.860771 -20.000000 0.000000 0.000000 12.941704 1.395578 0.549874 0.000000 0.000000 0.000000 0.000000 0.000000 0.000000 57.500000 0.000000
0.802412 -1.831976 -20.000000 0.000000 0.000000 12.979204 1.373982 0.601809 0.000000 0.000000 0.000000 0.000000 0.000000 0.000000 57.500000 0.000000
0.870531 -1.800604 -20.000000 0.000000 0.000000 13.016704 1.350453 0.652898 0.000000 0.000000 0.000000 0.000000 0.000000 0.000000 57.500000 0.000000
0.937426 -1.766701 -20.000000 0.000000 0.000000 13.054204 1.325026 0.703069 0.000000 0.000000 0.000000 0.000000 0.000000 0.000000 57.500000 0.000000
1.003002 -1.730314 -20.000000 0.000000 0.000000 13.091704 1.297735 0.752252 0.000000 0.000000 0.000000 0.000000 0.000000 0.000000 57.500000 0.000000
1.067169 -1.691494 -20.000000 0.000000 0.000000 13.129204 1.268620 0.800377 0.000000 0.000000 0.000000 0.000000 0.000000 0.000000 57.500000 0.000000
1.129835 -1.650295 -20.000000 0.000000 0.000000 13.166704 1.237721 0.847376 0.000000 0.000000 0.000000 0.000000 0.000000 0.000000 57.500000 0.000000
1.190912 -1.606776 -20.000000 0.000000 0.000000 13.204204 1.205082 0.893184 0.000000 0.000000 0.000000 0.000000 0.000000 0.000000 57.500000 0.000000
1.250315 -1.560998 -20.000000 0.000000 0.000000 13.241704 1.170748 0.937736 0.000000 0.000000 0.000000 0.000000 0.000000 0.000000 57.500000 0.000000
1.307959 -1.513024 -20.000000 0.000000 0.000000 13.279204 1.134768 0.980969 0.000000 0.000000 0.000000 0.000000 0.000000 0.000000 57.500000 0.000000
1.363765 -1.462924 -20.000000 0.000000 0.000000 13.316704 1.097193 1.022824 0.000000 0.000000 0.000000 0.000000 0.000000 0.000000 57.500000 0.000000
1.417653 -1.410766 -20.000000 0.000000 0.000000 13.354204 1.058074 1.063240 0.000000 0.000000 0.000000 0.000000 0.000000 0.000000 57.500000 0.000000
1.469547 -1.356625 -20.000000 0.000000 0.000000 13.391704 1.017468 1.102161 0.000000 0.000000 0.000000 0.000000 0.000000 0.000000 57.500000 0.000000
1.519376 -1.300576 -20.000000 0.000000 0.000000 13.429204 0.975432 1.139532 0.000000 0.000000 0.000000 0.000000 0.000000 0.000000 57.500000 0.000000
